4.183778285980225
3.1663784980773926
2.85410213470459
2.6775193214416504
2.612454891204834
2.5681660175323486
2.5448710918426514
2.524930477142334
2.529447317123413
2.467083692550659
2.461202621459961
2.461184501647949
2.444002389907837
2.4602277278900146
2.450232744216919
2.460818290710449
2.419555187225342
2.4218411445617676
2.439371347427368
2.4323811531066895
2.4033234119415283
2.375260829925537
2.3838541507720947
2.3617935180664062
2.3664731979370117
2.3566856384277344
2.337204933166504
2.3639631271362305
2.335904836654663
2.3067626953125
2.3051669597625732
2.2786519527435303
2.27620005607605
2.280346155166626
2.2338898181915283
2.2695019245147705
2.244494676589966
2.2484705448150635
2.20051908493042
2.1935648918151855
2.1721091270446777
2.188926935195923
2.134608268737793
2.1451711654663086
2.1347310543060303
2.100682497024536
2.1406939029693604
2.09782338142395
2.0706562995910645
2.0455644130706787
2.0787713527679443
2.0607595443725586
2.0479395389556885
2.0623555183410645
2.048121452331543
2.001107931137085
2.0078368186950684
2.0193939208984375
1.9825314283370972
1.9984221458435059
2.0000529289245605
1.9811257123947144
1.9073508977890015
1.993632435798645
1.9655516147613525
1.9309748411178589
1.8957712650299072
1.9300676584243774
1.8764489889144897
1.9274908304214478
1.8924585580825806
1.9032236337661743
1.902478814125061
1.882602334022522
1.905510663986206
1.928985834121704
1.8732482194900513
1.8389168977737427
1.8416541814804077
1.841232419013977
1.8717994689941406
1.8412989377975464
1.8040589094161987
1.8139698505401611
1.8234241008758545
1.796370506286621
1.8632469177246094
1.837939739227295
1.76369047164917
1.78398859500885
1.789075493812561
1.7970006465911865
1.7994096279144287
1.764273762702942
1.7629586458206177
1.8160227537155151
1.745139479637146
1.7440077066421509
1.7753456830978394
1.7579057216644287
1.81626296043396
1.7397946119308472
1.7391208410263062
1.7101668119430542
1.7558051347732544
1.7772216796875
1.7247613668441772
1.74698805809021
1.719077706336975
1.7260910272598267
1.7705820798873901
1.7195312976837158
1.708890438079834
1.6802440881729126
1.6795862913131714
1.7204684019088745
1.685569167137146
1.710381269454956
1.7369204759597778
1.6831719875335693
1.6738747358322144
1.6890335083007812
1.6694161891937256
1.7241425514221191
1.6621183156967163
1.702046513557434
1.7190182209014893
1.6977574825286865
1.6400721073150635
1.6392040252685547
1.6627055406570435
1.6478605270385742
1.6972366571426392
1.7007156610488892
1.6551461219787598
1.683361530303955
1.6746090650558472
1.6679775714874268
1.6793699264526367
1.6160787343978882
1.6273372173309326
1.6535133123397827
1.589435338973999
1.6619737148284912
1.6517183780670166
1.6478514671325684
1.6146003007888794
1.6389414072036743
1.6463534832000732
1.6752021312713623
1.596311092376709
1.6209759712219238
1.6873868703842163
1.6122779846191406
1.6379305124282837
1.6019941568374634
1.6207847595214844
1.6289622783660889
1.589659333229065
1.5919287204742432
1.6584575176239014
1.627642273902893
1.5901626348495483
1.5953056812286377
1.6630178689956665
1.57296621799469
1.582320213317871
1.5692253112792969
1.6116607189178467
1.589528203010559
1.6035040616989136
1.6127803325653076
1.62039053440094
1.5611672401428223
1.5449702739715576
1.5973215103149414
1.6010427474975586
1.5520626306533813
1.5957592725753784
1.6015710830688477
1.5966898202896118
1.6122512817382812
1.572104811668396
1.5681194067001343
1.6069988012313843
1.5374133586883545
1.611285924911499
1.592160701751709
1.5300365686416626
1.6092960834503174
1.5581443309783936
1.5690525770187378
1.587929368019104
1.5640664100646973
1.5804171562194824
1.5851022005081177
1.5551881790161133
1.5812348127365112
1.5236328840255737
1.5389890670776367
1.5424578189849854
1.583579659461975
1.5700304508209229
1.5579859018325806
1.5271430015563965
1.541993498802185
1.5778942108154297
1.5819199085235596
1.5575175285339355
1.524610161781311
1.5573352575302124
1.5256025791168213
1.5275259017944336
1.5467625856399536
1.5324715375900269
1.54597806930542
1.5284239053726196
1.5549287796020508
1.4918662309646606
1.5524195432662964
1.5153616666793823
1.4887877702713013
1.5712083578109741
1.533327579498291
1.5317891836166382
1.585245966911316
1.5383390188217163
1.5477383136749268
1.5208338499069214
1.535508394241333
1.527409315109253
1.565730333328247
1.5223944187164307
1.5255688428878784
1.5264551639556885
1.5139055252075195
1.5288281440734863
1.4925864934921265
1.5160433053970337
1.5385830402374268
1.4995110034942627
1.4897059202194214
1.5445003509521484
1.4994903802871704
1.5217283964157104
1.514589548110962
1.5406489372253418
1.5613316297531128
1.517836332321167
1.4688334465026855
1.4909101724624634
1.512949824333191
1.4884204864501953
1.4898384809494019
1.5361354351043701
1.4809510707855225
1.5000499486923218
1.526545524597168
1.5083930492401123
1.5308269262313843
1.4874489307403564
1.4976129531860352
1.526894211769104
1.5087995529174805
1.4919679164886475
1.513648509979248
1.5230509042739868
1.5049926042556763
1.5279340744018555
1.4730654954910278
1.4778412580490112
1.4861332178115845
1.4806628227233887
1.4898080825805664
1.4626233577728271
1.4791815280914307
1.4931670427322388
1.4759302139282227
1.529423713684082
1.4956358671188354
1.4681596755981445
1.5542786121368408
1.493714451789856
1.4904619455337524
1.4966800212860107
1.4635522365570068
1.4106228351593018
1.497633934020996
1.471659779548645
1.4592127799987793
1.5183939933776855
1.4721347093582153
1.4665734767913818
1.5297871828079224
1.4656736850738525
1.4560818672180176
1.4898920059204102
1.4725462198257446
1.4746099710464478
1.4351109266281128
1.4606536626815796
1.4712767601013184
1.4689098596572876
1.4540245532989502
1.4764350652694702
1.4503090381622314
1.4855525493621826
1.4520004987716675
1.4646958112716675
1.4541046619415283
1.4404332637786865
1.4882371425628662
1.442441463470459
1.4486300945281982
1.4784166812896729
1.4313334226608276
1.5062910318374634
1.4685499668121338
1.4547516107559204
1.474104404449463
1.494768738746643
1.4856864213943481
1.4820705652236938
1.4842621088027954
1.459074854850769
1.4561041593551636
1.4969338178634644
1.4759443998336792
1.4481141567230225
1.4615229368209839
1.4642738103866577
1.4352089166641235
1.452011227607727
1.4489576816558838
1.4399311542510986
1.4322924613952637
1.428972601890564
1.451050877571106
1.4955158233642578
1.4511374235153198
1.4639281034469604
1.4381070137023926
1.4643479585647583
1.4278831481933594
1.4691801071166992
1.4479994773864746
1.4432704448699951
1.423889398574829
1.4552055597305298
1.4364445209503174
1.424804449081421
1.4549940824508667
1.4319584369659424
1.4125348329544067
1.4367753267288208
1.4125468730926514
1.4302434921264648
1.4637351036071777
1.4294811487197876
1.4564284086227417
1.429750680923462
1.4706569910049438
1.4364341497421265
1.3921278715133667
1.4358267784118652
1.458785057067871
1.4285914897918701
1.4585721492767334
1.4312723875045776
1.430414080619812
1.4199950695037842
1.4191277027130127
1.421897530555725
1.441007375717163
1.45766282081604
1.418326497077942
1.4127874374389648
1.4651474952697754
1.4226633310317993
1.4547474384307861
1.4215871095657349
1.4550944566726685
1.4223604202270508
1.424461841583252
1.4656791687011719
1.429368019104004
1.4544222354888916
1.4330966472625732
1.3987609148025513
1.432276725769043
1.4236403703689575
1.4585967063903809
1.459652066230774
1.4437687397003174
1.424172282218933
1.4448583126068115
1.4124919176101685
1.417415976524353
1.4748765230178833
1.4142357110977173
1.4509413242340088
1.4080584049224854
1.4525128602981567
1.3962664604187012
1.3774093389511108
1.416981816291809
1.4542611837387085
1.3989726305007935
1.3953602313995361
1.4305752515792847
1.4368345737457275
1.399493932723999
1.4231197834014893
1.4281344413757324
1.400123953819275
1.4170044660568237
1.404359221458435
1.387772798538208
1.3842302560806274
1.4176666736602783
1.4038816690444946
1.3898324966430664
1.3533730506896973
1.3750118017196655
1.4000047445297241
1.4262038469314575
1.3948603868484497
1.4105626344680786
1.413606882095337
1.409735083580017
1.4277596473693848
1.473697543144226
1.4104852676391602
1.4229925870895386
1.4416688680648804
1.378823161125183
1.422135591506958
1.4048506021499634
1.3992453813552856
1.3673019409179688
1.4007434844970703
1.3990219831466675
1.3960692882537842
1.4353481531143188
1.3697538375854492
1.3792757987976074
1.3746417760849
1.4176247119903564
1.3676490783691406
1.3838189840316772
1.4238736629486084
1.431739091873169
1.41105318069458
1.3875658512115479
1.3865151405334473
1.3976317644119263
1.4052965641021729
1.4240639209747314
1.3715627193450928
1.4028410911560059
1.4201452732086182
1.4341458082199097
1.4208858013153076
1.412458896636963
1.424898624420166
1.3815011978149414
1.3771100044250488
1.4240119457244873
1.3706016540527344
1.4276883602142334
1.3734498023986816
1.3850237131118774
1.4131574630737305
1.4022489786148071
1.409890055656433
1.40615975856781
1.3855029344558716
1.414985179901123
1.4084033966064453
1.3782765865325928
1.3952350616455078
1.3753608465194702
1.374576210975647
1.4005792140960693
1.401637077331543
1.4040557146072388
1.3666273355484009
1.4046608209609985
1.3752208948135376
1.3938572406768799
1.3971073627471924
1.3692386150360107
1.3804454803466797
1.3747999668121338
1.3954567909240723
1.3618273735046387
1.3727701902389526
1.404500126838684
1.366574764251709
1.374993085861206
1.3946038484573364
1.4129469394683838
1.4158055782318115
1.386505126953125
1.3872729539871216
1.4038407802581787
1.3681262731552124
1.3445788621902466
1.3795092105865479
1.3926010131835938
1.3446615934371948
1.401186466217041
1.3741194009780884
1.3820971250534058
1.3673018217086792
1.3486857414245605
1.374392032623291
1.3774998188018799
1.3787719011306763
1.3766733407974243
1.397751808166504
1.4146900177001953
1.3658925294876099
1.366904616355896
1.383750557899475
1.4146080017089844
1.3982932567596436
1.3418546915054321
1.3978569507598877
1.413063883781433
1.3747822046279907
1.3816012144088745
1.392667293548584
1.3830326795578003
1.341712474822998
1.4062585830688477
1.3444547653198242
1.379370927810669
1.3708397150039673
1.35482656955719
1.3579683303833008
1.3999488353729248
1.383834719657898
1.3454874753952026
1.3771400451660156
1.3734173774719238
1.3615292310714722
1.3343052864074707
1.4165911674499512
1.3579663038253784
1.4069466590881348
1.3787951469421387
1.3639851808547974
1.3560904264450073
1.3628756999969482
1.3283015489578247
1.4443511962890625
1.3860526084899902
1.3274638652801514
1.3528094291687012
1.3869611024856567
1.3760077953338623
1.3677277565002441
1.3492454290390015
1.385762095451355
1.3979263305664062
1.4034286737442017
1.363461971282959
1.370539665222168
1.386117696762085
1.343103051185608
1.3269284963607788
1.3628313541412354
1.397692322731018
1.3580353260040283
1.3602566719055176
1.3640252351760864
1.3796334266662598
1.371601939201355
1.4128749370574951
1.3544397354125977
1.3653279542922974
1.3975261449813843
1.3807401657104492
1.3838618993759155
1.3703399896621704
1.3795701265335083
1.3607275485992432
1.3684602975845337
1.3808339834213257
1.3735601902008057
1.3804875612258911
1.3703243732452393
1.3745698928833008
1.3574373722076416
1.3709099292755127
1.3509422540664673
1.3341416120529175
1.380009651184082
1.4010237455368042
1.3755041360855103
1.367752194404602
1.3354156017303467
1.3664169311523438
1.3767584562301636
1.3552258014678955
1.320358157157898
1.3864803314208984
1.3531439304351807
1.3318836688995361
1.3849900960922241
1.3528765439987183
1.3494821786880493
1.3553552627563477
1.3346619606018066
1.3961963653564453
1.3589701652526855
1.3837876319885254
1.3418686389923096
1.3666216135025024
1.3539210557937622
1.355964183807373
1.374781847000122
1.3603241443634033
1.3494572639465332
1.366934061050415
1.3532239198684692
1.3334754705429077
1.3284125328063965
1.291841983795166
1.3548487424850464
1.3350402116775513
1.3387315273284912
1.3194303512573242
1.3461551666259766
1.3857184648513794
1.353871464729309
1.362558126449585
1.3416399955749512
1.3551669120788574
1.3235341310501099
1.3567659854888916
1.3727681636810303
1.3474494218826294
1.3577208518981934
1.341112494468689
1.3016301393508911
1.3148685693740845
1.3552995920181274
1.3557310104370117
1.3494209051132202
1.3898504972457886
1.3639720678329468
1.345016360282898
1.3211586475372314
1.3512624502182007
1.3535525798797607
1.3666833639144897
1.3390430212020874
1.356774091720581
1.3426804542541504
1.381317377090454
1.357418417930603
1.3298364877700806
1.3671913146972656
1.3436933755874634
1.3440651893615723
1.3191128969192505
1.3250280618667603
1.3266953229904175
1.3301093578338623
1.2976616621017456
1.3625108003616333
1.3155409097671509
1.3260223865509033
1.3200706243515015
1.355231761932373
1.3196380138397217
1.3520281314849854
1.336413025856018
1.3607542514801025
1.3431915044784546
1.3669521808624268
1.3281097412109375
1.3388453722000122
1.3214938640594482
1.3078761100769043
1.29965341091156
1.3535188436508179
1.3500056266784668
1.3635554313659668
1.3393551111221313
1.3653287887573242
1.359893560409546
1.3231281042099
1.3264214992523193
1.2904646396636963
1.3678629398345947
1.331275224685669
1.3057981729507446
1.3323978185653687
1.3264449834823608
1.3205198049545288
1.3460456132888794
1.3282560110092163
1.299397587776184
1.341495156288147
1.3653665781021118
1.3340072631835938
1.3168872594833374
1.2707929611206055
1.3398700952529907
1.35069739818573
1.3400815725326538
1.3940755128860474
1.3358585834503174
1.3137058019638062
1.3121891021728516
1.3031665086746216
1.3453952074050903
1.3424609899520874
1.330349087715149
1.3035284280776978
1.3233388662338257
1.3288414478302002
1.3243732452392578
1.3632981777191162
1.314889669418335
1.3250066041946411
1.3185756206512451
1.3232173919677734
1.3805721998214722
1.304862380027771
1.333552598953247
1.3394960165023804
1.3332655429840088
1.310917854309082
1.3424105644226074
1.3482109308242798
1.3503233194351196
1.3653582334518433
1.3372670412063599
1.3483085632324219
1.3257249593734741
1.3576295375823975
1.3423752784729004
1.329030990600586
1.3110079765319824
1.361585021018982
1.3359256982803345
1.3277655839920044
1.3262983560562134
1.3507850170135498
1.3380126953125
1.3445563316345215
1.3563117980957031
1.3477275371551514
1.320290446281433
1.3209437131881714
1.330987572669983
1.2914799451828003
1.32491934299469
1.3298766613006592
1.3144422769546509
1.352406620979309
1.3206862211227417
1.295093059539795
1.319968581199646
1.3136956691741943
1.3508497476577759
1.3490310907363892
1.3398698568344116
1.3307337760925293
1.3111928701400757
1.3111369609832764
1.3301184177398682
1.345710277557373
1.3475075960159302
1.3213599920272827
1.3525640964508057
1.3263144493103027
1.3229237794876099
1.346161127090454
1.3626935482025146
1.308418869972229
1.3281915187835693
1.3584163188934326
1.2835428714752197
1.3319178819656372
1.3148975372314453
1.342445731163025
1.3607439994812012
1.3352811336517334
1.2937884330749512
1.3352981805801392
1.3593000173568726
1.3331425189971924
1.3423583507537842
1.326473593711853
1.3210365772247314
1.3171865940093994
1.286933183670044
1.3237929344177246
1.3162575960159302
1.332658290863037
1.3418028354644775
1.3258615732192993
1.3313575983047485
1.3504397869110107
1.279409646987915
1.3046069145202637
1.3321826457977295
1.3543429374694824
1.305124282836914
1.3222063779830933
1.3072662353515625
1.3069446086883545
1.353773832321167
1.3196260929107666
1.3452705144882202
1.3569728136062622
1.3164924383163452
1.3380651473999023
1.3252514600753784
1.3174442052841187
1.3430217504501343
1.323008418083191
1.2929747104644775
1.3195562362670898
1.2992008924484253
1.3285681009292603
1.3225442171096802
1.2930485010147095
1.3122732639312744
1.3009570837020874
1.295816421508789
1.2940703630447388
1.3730500936508179
1.3260024785995483
1.3066812753677368
1.3228412866592407
1.2964500188827515
1.2882425785064697
1.314494013786316
1.2993570566177368
1.3242875337600708
1.3471959829330444
1.292277455329895
1.3441710472106934
1.3154489994049072
1.2660585641860962
1.3112399578094482
1.3206058740615845
1.3123607635498047
1.3013867139816284
1.335577368736267
1.3363213539123535
1.292179822921753
1.2985669374465942
1.3355555534362793
1.3210082054138184
1.3203884363174438
1.3305095434188843
1.3249375820159912
1.3334300518035889
1.253969669342041
1.332424283027649
1.3136733770370483
1.328356385231018
1.3071067333221436
1.3215900659561157
1.2970795631408691
1.2930488586425781
1.3019740581512451
1.3421837091445923
1.302044153213501
1.2854499816894531
1.30730140209198
1.2902590036392212
1.3127944469451904
1.3210827112197876
1.3338297605514526
1.3303030729293823
1.2753307819366455
1.2883976697921753
1.3439369201660156
1.3056248426437378
1.2950119972229004
1.2997902631759644
1.304606318473816
1.307296872138977
1.3152836561203003
1.341048240661621
1.3084746599197388
1.3143455982208252
1.3139557838439941
1.2978242635726929
1.306524634361267
1.3405064344406128
1.3112151622772217
1.2989063262939453
1.33674955368042
1.3314380645751953
1.303938627243042
1.2846877574920654
1.3164889812469482
1.3215969800949097
1.2734205722808838
1.3348852396011353
1.284576416015625
1.312281608581543
1.2661434412002563
1.2907148599624634
1.315352439880371
1.3186557292938232
1.3096150159835815
1.3070971965789795
1.34592604637146
1.2884262800216675
1.343283772468567
1.335988163948059
1.3161664009094238
1.270571231842041
1.320103645324707
1.3210445642471313
1.312815546989441
1.2687214612960815
1.3124418258666992
1.3158721923828125
1.2853487730026245
1.3080477714538574
1.3111578226089478
1.3123619556427002
1.3248358964920044
1.2742730379104614
1.3016064167022705
1.278700828552246
1.2939687967300415
1.2782981395721436
1.3164926767349243
1.3165483474731445
1.3222026824951172
1.3205971717834473
1.2995449304580688
1.2694058418273926
1.3278104066848755
1.3132998943328857
1.3048310279846191
1.3254649639129639
1.3091624975204468
1.2927820682525635
1.2981228828430176
1.3180441856384277
1.3409450054168701
1.2959965467453003
1.3165839910507202
1.2479724884033203
1.298614740371704
1.3297104835510254
1.2739343643188477
1.294623851776123
1.3470027446746826
1.3194137811660767
1.3244390487670898
1.3320293426513672
1.3390920162200928
1.3773131370544434
1.2888574600219727
1.2897226810455322
1.2792619466781616
1.3401180505752563
1.2671432495117188
1.2825449705123901
1.2840328216552734
1.2985491752624512
1.2998555898666382
1.2865710258483887
1.2878257036209106
1.248758316040039
1.282104730606079
1.3287402391433716
1.3051466941833496
1.3195817470550537
1.3169859647750854
1.3096857070922852
1.3108245134353638
1.262818455696106
1.282615303993225
1.28766667842865
1.2856521606445312
1.303863525390625
1.3001372814178467
1.3156650066375732
1.3195220232009888
1.2991584539413452
1.2900346517562866
1.3470697402954102
1.319838285446167
1.3053382635116577
1.3295129537582397
1.2702687978744507
1.29877769947052
1.2821660041809082
1.2899658679962158
1.3178890943527222
1.2855416536331177
1.3065059185028076
1.3198193311691284
1.3221980333328247
1.300188422203064
1.2867463827133179
1.3023169040679932
1.2846648693084717
1.3012140989303589
1.2947601079940796
1.2881397008895874
1.2700480222702026
1.3149522542953491
1.290069580078125
1.3130592107772827
1.2514644861221313
1.2788046598434448
1.317600131034851
1.2852767705917358
1.303241491317749
1.2985376119613647
1.3180477619171143
1.2770050764083862
1.2969025373458862
1.3018232583999634
1.3077380657196045
1.281066656112671
1.3028430938720703
1.2999550104141235
1.3218480348587036
1.2994884252548218
1.3029897212982178
1.3071738481521606
1.3006731271743774
1.2999472618103027
1.290195345878601
1.3086061477661133
1.2981483936309814
1.284513235092163
1.287513017654419
1.2751375436782837
1.2957139015197754
1.2591845989227295
1.2901134490966797
1.2874832153320312
1.2790181636810303
1.275183916091919
1.2658177614212036
1.2859294414520264
1.3188326358795166
1.2907379865646362
1.2721503973007202
1.253398060798645
1.3104878664016724
1.3042501211166382
1.2585055828094482
1.2935199737548828
1.3039544820785522
1.3016119003295898
1.2482054233551025
1.2989962100982666
1.2921596765518188
1.3078750371932983
1.2751680612564087
1.2702867984771729
1.3114054203033447
1.2902023792266846
1.2931766510009766
1.2772458791732788
1.3211551904678345
1.2748234272003174
1.2953846454620361
1.281820297241211
1.2817976474761963
1.2853467464447021
1.2946803569793701
1.2736588716506958
1.3047361373901367
1.295840859413147
1.2852524518966675
1.284554362297058
1.300601601600647
1.3149279356002808
1.2994686365127563
1.2934365272521973
1.2544273138046265
1.2866990566253662
1.2815489768981934
1.3117616176605225
1.3205446004867554
1.2906103134155273
1.2912722826004028
1.284115195274353
1.2827156782150269
1.289122462272644
1.273518443107605
1.2659183740615845
1.297412395477295
1.2454676628112793
1.2809197902679443
1.2576396465301514
1.2676728963851929
1.2973105907440186
1.260202169418335
1.2940576076507568
1.2843750715255737
1.2654937505722046
1.2956616878509521
1.2585448026657104
1.3021159172058105
1.2565922737121582
1.2674332857131958
1.29535710811615
1.273094892501831
1.2805203199386597
1.2841646671295166
1.3005932569503784
1.2671167850494385
1.2809107303619385
1.2988427877426147
1.2945351600646973
1.2913906574249268
1.3035485744476318
1.2911853790283203
1.297373652458191
1.2993905544281006
1.2733701467514038
1.2983812093734741
1.24630868434906
1.2612175941467285
1.2610164880752563
1.280724287033081
1.268191933631897
1.2807492017745972
1.2766764163970947
1.3153761625289917
1.2543754577636719
1.3226959705352783
1.3145288228988647
1.3364568948745728
1.2815818786621094
1.2668944597244263
1.3081426620483398
1.2786725759506226
1.2751575708389282
1.3007899522781372
1.3040616512298584
1.2931751012802124
1.2816721200942993
1.3086838722229004
1.305999755859375
1.3214266300201416
1.3109463453292847
1.3042370080947876
1.2776763439178467
1.2727165222167969
1.2573025226593018
1.3089282512664795
1.3072503805160522
1.3102055788040161
1.278059959411621
1.3074201345443726
1.2942492961883545
1.2658684253692627
1.2765722274780273
1.2863080501556396
1.2594400644302368
1.294344425201416
1.2915743589401245
1.2840677499771118
1.281315565109253
1.2778422832489014
1.2800260782241821
1.2748348712921143
1.324108362197876
1.2695536613464355
1.3233981132507324
1.2507487535476685
1.2709852457046509
1.2750540971755981
1.2889741659164429
1.2728309631347656
1.246353268623352
1.256911277770996
1.2704561948776245
1.2499703168869019
1.2527269124984741
1.3106976747512817
1.267914056777954
1.2697986364364624
1.275161862373352
1.2855364084243774
1.2746533155441284
1.274820327758789
1.2573304176330566
1.2853820323944092
1.322155237197876
1.317000150680542
1.284800410270691
1.2701733112335205
1.2673288583755493
1.2518450021743774
1.2646955251693726
1.2796437740325928
1.2870802879333496
1.276890754699707
1.2689117193222046
1.2661651372909546
1.2865263223648071
1.2446253299713135
1.2606613636016846
1.3008383512496948
1.2816734313964844
1.2804917097091675
1.2788468599319458
1.2817533016204834
1.2875349521636963
1.2549233436584473
1.2733595371246338
1.2924426794052124
1.2974529266357422
1.2826998233795166
1.2902424335479736
1.2589256763458252
1.2835336923599243
1.2448290586471558
1.2779195308685303
1.2673884630203247
1.2809910774230957
1.2931395769119263
1.2828996181488037
1.2615076303482056
1.3119155168533325
1.2905880212783813
1.2896013259887695
1.2798631191253662
1.2623519897460938
1.218596339225769
1.2964421510696411
1.282163143157959
1.263442873954773
1.2496614456176758
1.273335337638855
1.2908179759979248
1.2760944366455078
1.244710922241211
1.259982705116272
1.260253667831421
1.263048768043518
1.2910898923873901
1.2996888160705566
1.2698057889938354
1.256697177886963
1.290690302848816
1.31407630443573
1.255642056465149
1.289239525794983
1.2668581008911133
1.273480772972107
1.3019893169403076
1.2995692491531372
1.2640583515167236
1.2781201601028442
1.304513692855835
1.2781577110290527
1.2329602241516113
1.2651422023773193
1.2804145812988281
1.261162519454956
1.3398844003677368
1.2429349422454834
1.28330397605896
1.2791717052459717
1.2973148822784424
1.2737022638320923
1.2761480808258057
1.2958399057388306
1.221199631690979
1.24181067943573
1.25175940990448
1.2458568811416626
1.2818591594696045
1.2693541049957275
1.2965487241744995
1.2649163007736206
1.3040355443954468
1.2564154863357544
1.2423352003097534
1.2494562864303589
1.2680714130401611
1.2701772451400757
1.2741774320602417
1.2766377925872803
1.2688264846801758
1.2514458894729614
1.257662057876587
1.2527581453323364
1.281529426574707
1.2730742692947388
1.2685105800628662
1.2450460195541382
1.25130033493042
1.2473196983337402
1.2886582612991333
1.2859411239624023
1.2446837425231934
1.2842189073562622
1.243406891822815
1.2545682191848755
1.2678394317626953
1.2486200332641602
1.269965410232544
1.279087781906128
1.2490043640136719
1.2680491209030151
1.2738635540008545
1.3045647144317627
1.270145297050476
1.2636892795562744
1.2615530490875244
1.2789057493209839
1.2523226737976074
1.2668273448944092
1.2660839557647705
1.292222261428833
1.2520309686660767
1.2605947256088257
1.2615803480148315
1.2693843841552734
1.2435095310211182
1.2500991821289062
1.2828673124313354
1.27303946018219
1.2661625146865845
1.2655237913131714
1.2792649269104004
1.26259446144104
1.2792026996612549
1.2360788583755493
1.293059229850769
1.2301135063171387
1.2571611404418945
1.275749921798706
1.2537617683410645
1.278073787689209
1.2592133283615112
1.2936803102493286
1.199641227722168
1.270993709564209
1.2605254650115967
1.2637457847595215
1.293933391571045
1.288098692893982
1.2451575994491577
1.269834280014038
1.2544142007827759
1.2531687021255493
1.2499955892562866
1.2731133699417114
1.3250977993011475
1.263101577758789
1.270520806312561
1.2777258157730103
1.2766963243484497
1.3075085878372192
1.254475474357605
1.2480262517929077
1.2789705991744995
1.2535959482192993
1.232491374015808
1.2432169914245605
1.2840358018875122
1.254744052886963
1.318908929824829
1.2686848640441895
1.2700450420379639
1.2899601459503174
1.2541624307632446
1.2648817300796509
1.2897918224334717
1.2695183753967285
1.2708356380462646
1.2700145244598389
1.2821500301361084
1.2414687871932983
1.2350867986679077
1.3019795417785645
1.2573778629302979
1.2506427764892578
1.2893543243408203
1.2253749370574951
1.2694579362869263
1.2312804460525513
1.2643134593963623
1.2618041038513184
1.2852450609207153
1.2634984254837036
1.2596352100372314
1.282849907875061
1.2737025022506714
1.2574838399887085
1.270753026008606
1.2420727014541626
1.2703495025634766
1.2592352628707886
1.2382985353469849
1.258777141571045
1.2751785516738892
1.257356882095337
1.322640299797058
1.2303457260131836
1.2621477842330933
1.2593990564346313
1.2690926790237427
1.2550047636032104
1.2450838088989258
1.2527854442596436
1.2470463514328003
1.2340720891952515
1.30381441116333
1.2452690601348877
1.2677772045135498
1.264618158340454
1.27484130859375
1.2840999364852905
1.2687522172927856
1.2926393747329712
1.2745290994644165
1.2593810558319092
1.2627991437911987
1.2690995931625366
1.2550595998764038
1.2957574129104614
1.235860824584961
1.2495414018630981
1.2769659757614136
1.257280945777893
1.2849743366241455
1.2704371213912964
1.266930341720581
1.2684205770492554
1.2551543712615967
1.2487702369689941
1.265067458152771
1.268351435661316
1.2666338682174683
1.2665683031082153
1.26070237159729
1.247973918914795
1.246702790260315
1.287423014640808
1.240853190422058
1.2919834852218628
1.236228108406067
1.2965227365493774
1.2305067777633667
1.2729778289794922
1.2306115627288818
1.2633817195892334
1.2235922813415527
1.2527483701705933
1.2680180072784424
1.2438199520111084
1.2573113441467285
1.263983130455017
1.2413877248764038
1.2815927267074585
1.2726246118545532
1.2738699913024902
1.2342312335968018
1.24927818775177
1.278898000717163
1.2091199159622192
1.261094093322754
1.2773388624191284
1.270518183708191
1.2380402088165283
1.2447799444198608
1.2589915990829468
1.2565855979919434
1.223887324333191
1.266946792602539
1.278198480606079
1.238405466079712
1.2591828107833862
1.2747201919555664
1.2767040729522705
1.2599260807037354
1.2646368741989136
1.2360355854034424
1.27469801902771
1.2668224573135376
1.2254295349121094
1.2602978944778442
1.2439157962799072
1.2261338233947754
1.24146568775177
1.2540820837020874
1.2419410943984985
1.233115553855896
1.2494993209838867
1.2592307329177856
1.2199395895004272
1.2802754640579224
1.243211030960083
1.250856637954712
1.2578823566436768
1.251132607460022
1.2361124753952026
1.2414909601211548
1.2855253219604492
1.2472381591796875
1.246356725692749
1.2758210897445679
1.229949951171875
1.2602341175079346
1.2496713399887085
1.2504020929336548
1.2625784873962402
1.2602602243423462
1.2540773153305054
1.3035725355148315
1.2478747367858887
1.2505244016647339
1.2787933349609375
1.242811679840088
1.2350581884384155
1.231959342956543
1.2300533056259155
1.2838853597640991
1.321214199066162
1.2307687997817993
1.2887018918991089
1.2312220335006714
1.251608967781067
1.2818424701690674
1.2609103918075562
1.269515872001648
1.244529366493225
1.2190747261047363
1.2617220878601074
1.2610560655593872
1.2483965158462524
1.2613277435302734
1.2253706455230713
1.2455363273620605
1.219364047050476
1.2528170347213745
1.2766447067260742
1.22016179561615
1.3126239776611328
1.241861343383789
1.2531579732894897
1.2967196702957153
1.2806586027145386
1.2816516160964966
1.2651782035827637
1.2355544567108154
1.2315969467163086
1.2572028636932373
1.2445473670959473
1.2401272058486938
1.2351099252700806
1.227640986442566
1.2342840433120728
1.2374824285507202
1.2381176948547363
1.279483675956726
1.2541651725769043
1.2655346393585205
1.2674130201339722
1.2743030786514282
1.2769176959991455
1.277001976966858
1.24723219871521
1.2472257614135742
1.2357614040374756
1.2195308208465576
1.253589153289795
1.2684999704360962
1.2768118381500244
1.2123171091079712
1.2248908281326294
1.2479779720306396
1.2289340496063232
1.236107349395752
1.218987226486206
1.2333422899246216
1.2854198217391968
1.2710602283477783
1.2637838125228882
1.2272677421569824
1.2210969924926758
1.263367772102356
1.2487138509750366
1.2671221494674683
1.245843768119812
1.2595113515853882
1.2725247144699097
1.2334381341934204
1.2649755477905273
1.2629412412643433
1.2249560356140137
1.2431639432907104
1.2532659769058228
1.2312233448028564
1.2806663513183594
1.2596179246902466
1.2582361698150635
1.2853574752807617
1.2542146444320679
1.2279983758926392
1.2215576171875
1.2667700052261353
1.28042733669281
1.2658157348632812
1.2307220697402954
1.2494449615478516
1.2751820087432861
1.2553600072860718
1.1934702396392822
1.2421761751174927
1.2540299892425537
1.2381770610809326
1.2362087965011597
1.2262588739395142
1.2799729108810425
1.2794835567474365
1.2770787477493286
1.2577515840530396
1.2424815893173218
1.2288424968719482
1.2690484523773193
1.2567112445831299
1.271243691444397
1.2459064722061157
1.248460292816162
1.265730619430542
1.2321780920028687
1.2640310525894165
1.243775725364685
1.2442023754119873
1.2786774635314941
1.2224568128585815
1.2692601680755615
1.2184014320373535
1.1858749389648438
1.268045425415039
1.248641014099121
1.2461241483688354
1.2746343612670898
1.244816541671753
1.2346293926239014
1.2213044166564941
1.2459003925323486
1.2534980773925781
1.2645481824874878
1.2531497478485107
1.2436317205429077
1.2532200813293457
1.2613338232040405
1.2265945672988892
1.2531719207763672
1.264955997467041
1.2625049352645874
1.241565227508545
1.2936320304870605
1.2437254190444946
1.2407180070877075
1.2452739477157593
1.2460335493087769
1.2571334838867188
1.2673040628433228
1.2629063129425049
1.219918966293335
1.2445454597473145
1.2143712043762207
1.201381802558899
1.2290377616882324
1.2304646968841553
1.2023545503616333
1.2511215209960938
1.2531447410583496
1.2708351612091064
1.2288755178451538
1.2064083814620972
1.2447657585144043
1.2477840185165405
1.2366151809692383
1.2630629539489746
1.2489854097366333
1.2426210641860962
1.2530863285064697
1.2050474882125854
1.2156471014022827
1.291445255279541
1.2264719009399414
1.2439628839492798
1.2701174020767212
1.2148754596710205
1.2595174312591553
1.2602999210357666
1.267714262008667
1.2587233781814575
1.2258387804031372
1.2498564720153809
1.2529659271240234
1.277675986289978
1.2595137357711792
1.2233929634094238
1.2501940727233887
1.2457606792449951
1.1902004480361938
1.2196108102798462
1.2525804042816162
1.2491323947906494
1.2511608600616455
1.2273733615875244
1.2466092109680176
1.2293654680252075
1.2699075937271118
1.253241777420044
1.2392525672912598
1.2420437335968018
1.2399076223373413
1.2633363008499146
1.248875617980957
1.2782734632492065
1.2563941478729248
1.2582720518112183
1.242006778717041
1.2592930793762207
1.2256723642349243
1.258400797843933
1.2483960390090942
1.2181755304336548
1.2269874811172485
1.237500548362732
1.2491413354873657
1.2627602815628052
1.2174569368362427
1.2518959045410156
1.2283735275268555
1.2193408012390137
1.2285773754119873
1.251705288887024
1.248348593711853
1.2257596254348755
1.2321279048919678
1.2161595821380615
1.2551109790802002
1.2199177742004395
1.2460291385650635
1.2271960973739624
1.2268751859664917
1.2515321969985962
1.2322227954864502
1.248711109161377
1.2659944295883179
1.211997389793396
1.2307347059249878
1.2588423490524292
1.2711656093597412
1.2448679208755493
1.2477383613586426
1.2611851692199707
1.2520768642425537
1.2258450984954834
1.2255319356918335
1.2414519786834717
1.2630054950714111
1.2533018589019775
1.2455663681030273
1.23853600025177
1.2545605897903442
1.2691233158111572
1.2524869441986084
1.2222338914871216
1.2167645692825317
1.2216401100158691
1.2567660808563232
1.2607340812683105
1.2276970148086548
1.2204269170761108
1.251117467880249
1.2753442525863647
1.2689692974090576
1.2207114696502686
1.2477355003356934
1.2896385192871094
1.2480642795562744
1.2271416187286377
1.2461374998092651
1.2755228281021118
1.2489275932312012
1.2404693365097046
1.2269980907440186
1.2208036184310913
1.2308590412139893
1.231423258781433
1.2156658172607422
1.2266751527786255
1.2442810535430908
1.2768362760543823
1.210911750793457
1.23724365234375
1.2321687936782837
1.251122236251831
1.2510104179382324
1.2561283111572266
1.2422069311141968
1.261491298675537
1.2310739755630493
1.236887812614441
1.245876669883728
1.225963830947876
1.2299749851226807
1.2555079460144043
1.2398879528045654
1.268812656402588
1.2423971891403198
1.2558422088623047
1.2347768545150757
1.2638561725616455
1.1909559965133667
1.2688183784484863
1.2663469314575195
1.2563222646713257
1.2581188678741455
1.2255949974060059
1.2180763483047485
1.252565622329712
1.2325125932693481
1.24129056930542
1.2275234460830688
1.266518235206604
1.2147809267044067
1.2282203435897827
1.236220121383667
1.211450457572937
1.2812987565994263
1.229654312133789
1.2472505569458008
1.2647980451583862
1.207777976989746
1.2320921421051025
1.214616060256958
1.247666358947754
1.2499102354049683
1.1930478811264038
1.210265040397644
1.209761619567871
1.2477997541427612
1.2605739831924438
1.2431209087371826
1.2243316173553467
1.2486995458602905
1.2544586658477783
1.2546806335449219
1.2604753971099854
1.2497501373291016
1.243828296661377
1.1952077150344849
1.2248684167861938
1.2195408344268799
1.2378754615783691
1.272023320198059
1.250044822692871
1.2407100200653076
1.2698835134506226
1.2268757820129395
1.2537492513656616
1.2196818590164185
1.2562817335128784
1.2253968715667725
1.2792913913726807
1.2586405277252197
1.2345503568649292
1.2394169569015503
1.2089214324951172
1.2761937379837036
1.2378991842269897
1.250805139541626
1.2603918313980103
1.2456446886062622
1.2052496671676636
1.256050944328308
1.242141604423523
1.2106904983520508
1.2752745151519775
1.2390631437301636
1.2618738412857056
1.2520147562026978
1.2421951293945312
1.2152479887008667
1.2386049032211304
1.211333155632019
1.2456308603286743
1.2437820434570312
1.193361759185791
1.223459005355835
1.2729524374008179
1.2607256174087524
1.2299857139587402
1.2066558599472046
1.2524561882019043
1.2277307510375977
1.2533951997756958
1.2267450094223022
1.2733651399612427
1.23664391040802
1.233957290649414
1.2360167503356934
1.248531699180603
1.2719929218292236
1.2110400199890137
1.183005928993225
1.2728804349899292
1.2151799201965332
1.2305020093917847
1.1885755062103271
1.2675175666809082
1.2407702207565308
1.246102213859558
1.2335573434829712
1.2483915090560913
1.2002125978469849
1.2390273809432983
1.2269623279571533
1.2523328065872192
1.2308586835861206
1.2341656684875488
1.2508704662322998
1.2617037296295166
1.2628562450408936
1.2271270751953125
1.2594650983810425
1.2532240152359009
1.264670968055725
1.2500689029693604
1.2307384014129639
1.2414747476577759
1.2321587800979614
1.2288519144058228
1.2501953840255737
1.2213165760040283
1.2770951986312866
1.232093095779419
1.23590886592865
1.281076192855835
1.225338339805603
1.2140809297561646
1.211376667022705
1.2334539890289307
1.220313310623169
1.2489144802093506
1.2216459512710571
1.2292286157608032
1.2311545610427856
1.2466635704040527
1.216456413269043
1.2226076126098633
1.2429389953613281
1.2357919216156006
1.2323509454727173
1.233235478401184
1.2310819625854492
1.2187485694885254
1.2119557857513428
1.2057496309280396
1.215440273284912
1.2299399375915527
1.2446959018707275
1.2374861240386963
1.2387418746948242
1.2485194206237793
1.257159948348999
1.2209635972976685
1.2680870294570923
1.2187601327896118
1.1739857196807861
1.2422244548797607
1.2274084091186523
1.2473808526992798
1.2379738092422485
1.2402222156524658
1.2298766374588013
1.2125234603881836
1.242818832397461
1.2673251628875732
1.2239704132080078
1.2234222888946533
1.2218222618103027
1.2078436613082886
1.217268466949463
