4.194535732269287
3.1105504035949707
2.7875940799713135
2.652696132659912
2.614565849304199
2.574904441833496
2.5267508029937744
2.5151307582855225
2.4923932552337646
2.4756572246551514
2.4688642024993896
2.468522787094116
2.471149444580078
2.4425458908081055
2.4539802074432373
2.4456915855407715
2.4253857135772705
2.4161767959594727
2.3973803520202637
2.387270927429199
2.3856606483459473
2.395869731903076
2.3803820610046387
2.391378164291382
2.3742494583129883
2.380467414855957
2.346673011779785
2.3426551818847656
2.3181071281433105
2.338266134262085
2.3016068935394287
2.274519443511963
2.2588720321655273
2.2178852558135986
2.2378721237182617
2.2209014892578125
2.1943039894104004
2.196688652038574
2.1543097496032715
2.1740665435791016
2.171955108642578
2.114976406097412
2.1008431911468506
2.0918052196502686
2.080746650695801
2.0933969020843506
2.068451404571533
2.001856803894043
2.0185344219207764
2.0311288833618164
2.048640012741089
2.005671262741089
1.9879692792892456
2.0107200145721436
1.9783488512039185
1.9722824096679688
1.9567146301269531
1.9488883018493652
1.9564193487167358
1.9379907846450806
1.9327430725097656
1.8942902088165283
1.8980963230133057
1.89250648021698
1.896622657775879
1.8605501651763916
1.8851350545883179
1.8827546834945679
1.85097074508667
1.8753697872161865
1.8339051008224487
1.8327476978302002
1.7839397192001343
1.787185788154602
1.8404815196990967
1.812950611114502
1.8020235300064087
1.7987266778945923
1.8299551010131836
1.8593796491622925
1.8028475046157837
1.7668097019195557
1.7426189184188843
1.8062185049057007
1.7882283926010132
1.7902206182479858
1.7716784477233887
1.7694029808044434
1.7601054906845093
1.7426137924194336
1.7504665851593018
1.7319848537445068
1.748394250869751
1.7357468605041504
1.749925136566162
1.7259870767593384
1.7208713293075562
1.7452583312988281
1.7105798721313477
1.7120901346206665
1.7456694841384888
1.7646523714065552
1.715990424156189
1.6952605247497559
1.7316921949386597
1.7226598262786865
1.6772868633270264
1.652253270149231
1.7274914979934692
1.6805825233459473
1.7063355445861816
1.7219318151474
1.6967159509658813
1.635809302330017
1.7131242752075195
1.6825182437896729
1.6798787117004395
1.6393518447875977
1.6623752117156982
1.6732068061828613
1.6655893325805664
1.6440718173980713
1.6724072694778442
1.6426559686660767
1.6822826862335205
1.6588943004608154
1.6326241493225098
1.6133079528808594
1.6370394229888916
1.6222416162490845
1.6408517360687256
1.600343942642212
1.6414365768432617
1.644818902015686
1.6268043518066406
1.641972303390503
1.689032793045044
1.657332181930542
1.6688817739486694
1.656273603439331
1.6252683401107788
1.6573224067687988
1.6434431076049805
1.6338094472885132
1.6357454061508179
1.590765118598938
1.5938444137573242
1.5766886472702026
1.6174569129943848
1.5952367782592773
1.6276756525039673
1.6287777423858643
1.600213646888733
1.6139811277389526
1.5879298448562622
1.586100459098816
1.6185895204544067
1.5917491912841797
1.5770020484924316
1.5710067749023438
1.56046724319458
1.5940583944320679
1.5836187601089478
1.6193112134933472
1.597296953201294
1.6230906248092651
1.5948809385299683
1.5941355228424072
1.5877089500427246
1.601487398147583
1.6370477676391602
1.5614821910858154
1.6344037055969238
1.5925390720367432
1.6001675128936768
1.5761908292770386
1.563044548034668
1.5751235485076904
1.5705187320709229
1.581591248512268
1.5576386451721191
1.5190441608428955
1.57489812374115
1.572802186012268
1.570999264717102
1.5727174282073975
1.5767005681991577
1.5454227924346924
1.6028624773025513
1.5437489748001099
1.5564402341842651
1.60421884059906
1.5399211645126343
1.5342130661010742
1.5655189752578735
1.5607285499572754
1.5475369691848755
1.5893691778182983
1.5629866123199463
1.557518720626831
1.5478566884994507
1.5326651334762573
1.5719178915023804
1.556553602218628
1.5645167827606201
1.5684610605239868
1.5019029378890991
1.5899980068206787
1.5171109437942505
1.534039855003357
1.5112162828445435
1.579430341720581
1.5317765474319458
1.5830010175704956
1.5573328733444214
1.5226829051971436
1.530739188194275
1.5082701444625854
1.5068435668945312
1.5406697988510132
1.5326035022735596
1.5554014444351196
1.538217306137085
1.5264371633529663
1.5362942218780518
1.532260775566101
1.5542454719543457
1.5481592416763306
1.5597693920135498
1.560099720954895
1.5106875896453857
1.530752420425415
1.5036611557006836
1.4763327836990356
1.5200815200805664
1.519364833831787
1.5232064723968506
1.517543911933899
1.4993473291397095
1.4962354898452759
1.5308181047439575
1.5104219913482666
1.5551706552505493
1.5252543687820435
1.513372778892517
1.511879563331604
1.4784550666809082
1.48875892162323
1.5258021354675293
1.5165044069290161
1.4761161804199219
1.4979127645492554
1.5512092113494873
1.485447883605957
1.5049757957458496
1.5293388366699219
1.5119242668151855
1.5275826454162598
1.4932708740234375
1.4737650156021118
1.544021725654602
1.5355218648910522
1.4680970907211304
1.493306279182434
1.494308590888977
1.5439748764038086
1.4983022212982178
1.493970274925232
1.5138652324676514
1.5119467973709106
1.4997087717056274
1.4955662488937378
1.5102323293685913
1.5094624757766724
1.5327813625335693
1.4791165590286255
1.4834342002868652
1.5407626628875732
1.5259817838668823
1.464477777481079
1.5090605020523071
1.507004737854004
1.524665355682373
1.4842983484268188
1.4789143800735474
1.4852142333984375
1.4888360500335693
1.5445764064788818
1.4851343631744385
1.442752480506897
1.4792828559875488
1.5213041305541992
1.499459981918335
1.482869029045105
1.4987939596176147
1.489745020866394
1.5257078409194946
1.5126999616622925
1.4788533449172974
1.5225893259048462
1.4492191076278687
1.457901954650879
1.4838809967041016
1.4756488800048828
1.4782886505126953
1.487545371055603
1.4946941137313843
1.502018928527832
1.4992313385009766
1.4543116092681885
1.4746525287628174
1.4990873336791992
1.4674736261367798
1.4808349609375
1.4573396444320679
1.4510318040847778
1.4798822402954102
1.4791107177734375
1.4858766794204712
1.5258313417434692
1.4856129884719849
1.5017191171646118
1.5007667541503906
1.511954665184021
1.4702681303024292
1.4408934116363525
1.4930832386016846
1.5029563903808594
1.456478238105774
1.4584131240844727
1.4806500673294067
1.4311518669128418
1.4507417678833008
1.4702531099319458
1.4597845077514648
1.4611643552780151
1.4502140283584595
1.4762088060379028
1.4632490873336792
1.4529482126235962
1.4946492910385132
1.4476640224456787
1.4544216394424438
1.4636805057525635
1.445218563079834
1.4559656381607056
1.438726782798767
1.489547610282898
1.4572645425796509
1.4633698463439941
1.4809858798980713
1.4600789546966553
1.4808659553527832
1.452029824256897
1.4660903215408325
1.4783278703689575
1.4658334255218506
1.4675742387771606
1.4369300603866577
1.4580891132354736
1.463137149810791
1.5004770755767822
1.4745122194290161
1.4683988094329834
1.4912831783294678
1.4252445697784424
1.4766713380813599
1.4897377490997314
1.4261698722839355
1.467692494392395
1.4861286878585815
1.4679056406021118
1.4898802042007446
1.4811006784439087
1.4459468126296997
1.461526870727539
1.4439371824264526
1.4604412317276
1.4720124006271362
1.480650544166565
1.4440938234329224
1.5078067779541016
1.4401359558105469
1.4707343578338623
1.4370818138122559
1.3923224210739136
1.4787601232528687
1.4508565664291382
1.4515725374221802
1.448360562324524
1.421845555305481
1.4677486419677734
1.4279652833938599
1.4477566480636597
1.4521600008010864
1.4367210865020752
1.4248441457748413
1.431877851486206
1.4434069395065308
1.4772744178771973
1.469097375869751
1.4356673955917358
1.4358177185058594
1.4636746644973755
1.4374120235443115
1.497735857963562
1.4464566707611084
1.4346950054168701
1.4476834535598755
1.4663187265396118
1.4512747526168823
1.4589972496032715
1.4558740854263306
1.4761934280395508
1.4611499309539795
1.4088131189346313
1.4032573699951172
1.4300538301467896
1.452691912651062
1.4527878761291504
1.4724284410476685
1.4129821062088013
1.441719651222229
1.443176507949829
1.4266606569290161
1.46534264087677
1.4033794403076172
1.461279273033142
1.4284358024597168
1.3990470170974731
1.44771146774292
1.4514758586883545
1.4695299863815308
1.4527623653411865
1.4523179531097412
1.4466280937194824
1.411220669746399
1.51187264919281
1.4178643226623535
1.448732614517212
1.4486287832260132
1.4254124164581299
1.4488190412521362
1.4222241640090942
1.4547468423843384
1.4622936248779297
1.4309751987457275
1.4678387641906738
1.4616944789886475
1.4854284524917603
1.4258153438568115
1.4588921070098877
1.4487559795379639
1.4366315603256226
1.4341740608215332
1.4527748823165894
1.47139310836792
1.420530915260315
1.4027701616287231
1.4493589401245117
1.4374057054519653
1.4053540229797363
1.432096004486084
1.437512755393982
1.4411314725875854
1.4397064447402954
1.441206693649292
1.4126678705215454
1.4136947393417358
1.4818580150604248
1.4532803297042847
1.4715999364852905
1.4478739500045776
1.4497458934783936
1.4007660150527954
1.4507126808166504
1.4041136503219604
1.4219383001327515
1.4073214530944824
1.4547196626663208
1.4421213865280151
1.4316773414611816
1.410670518875122
1.4101144075393677
1.4190934896469116
1.4672316312789917
1.4153345823287964
1.4641743898391724
1.3985059261322021
1.4269400835037231
1.4449982643127441
1.440089225769043
1.4431716203689575
1.425408124923706
1.455835223197937
1.4222818613052368
1.4340704679489136
1.4192253351211548
1.4407082796096802
1.3781474828720093
1.4511780738830566
1.3978569507598877
1.4186142683029175
1.4103353023529053
1.4066553115844727
1.4164730310440063
1.4299335479736328
1.418534517288208
1.447495460510254
1.4189435243606567
1.4114478826522827
1.4032772779464722
1.4089469909667969
1.4430887699127197
1.4581271409988403
1.4479488134384155
1.3782813549041748
1.4528053998947144
1.3644633293151855
1.390080213546753
1.41690194606781
1.4725996255874634
1.4223426580429077
1.484824299812317
1.4636062383651733
1.3960810899734497
1.4117738008499146
1.4231798648834229
1.4191081523895264
1.4202064275741577
1.42575204372406
1.4046311378479004
1.437903642654419
1.4357138872146606
1.4172416925430298
1.4459894895553589
1.4076505899429321
1.4163873195648193
1.4370759725570679
1.404015302658081
1.4103730916976929
1.3915725946426392
1.4220490455627441
1.3988960981369019
1.3894964456558228
1.4236043691635132
1.4530549049377441
1.4376375675201416
1.4378957748413086
1.4109447002410889
1.416653037071228
1.4200903177261353
1.407914400100708
1.4089348316192627
1.4172009229660034
1.4239777326583862
1.41842520236969
1.4131510257720947
1.4180790185928345
1.4176005125045776
1.4256178140640259
1.4269880056381226
1.4137340784072876
1.3887392282485962
1.407578945159912
1.4019007682800293
1.3995351791381836
1.4473381042480469
1.382550597190857
1.412116289138794
1.4176182746887207
1.4384230375289917
1.433903455734253
1.4171391725540161
1.432344675064087
1.4488533735275269
1.395806074142456
1.4529855251312256
1.4293930530548096
1.4297987222671509
1.403951644897461
1.400230884552002
1.421284556388855
1.4111871719360352
1.416204571723938
1.4216501712799072
1.4186785221099854
1.395172119140625
1.474708080291748
1.400570273399353
1.3772504329681396
1.4010945558547974
1.4196807146072388
1.427241325378418
1.3839880228042603
1.369361162185669
1.416664719581604
1.4258034229278564
1.3892498016357422
1.3923617601394653
1.455439567565918
1.4314945936203003
1.3997278213500977
1.4230915307998657
1.440216302871704
1.426224946975708
1.3967876434326172
1.419927954673767
1.4298241138458252
1.408620834350586
1.417371153831482
1.4053620100021362
1.4199564456939697
1.3781440258026123
1.4514708518981934
1.4198579788208008
1.4253995418548584
1.426581859588623
1.4021109342575073
1.412243127822876
1.4011329412460327
1.4032138586044312
1.3983882665634155
1.396607518196106
1.4322988986968994
1.4161152839660645
1.3792343139648438
1.414033055305481
1.4462178945541382
1.4375876188278198
1.4363518953323364
1.427121877670288
1.4118258953094482
1.413004755973816
1.4151962995529175
1.3822168111801147
1.4397900104522705
1.4047602415084839
1.4047653675079346
1.4265131950378418
1.405246615409851
1.4064680337905884
1.3625571727752686
1.3813278675079346
1.410465955734253
1.4220114946365356
1.3682129383087158
1.409508228302002
1.4172155857086182
1.4381723403930664
1.4214098453521729
1.380382776260376
1.4169189929962158
1.4358456134796143
1.415555477142334
1.4047067165374756
1.3927193880081177
1.3850537538528442
1.4169692993164062
1.4144225120544434
1.3641777038574219
1.4136093854904175
1.4003757238388062
1.4010095596313477
1.4077494144439697
1.3864866495132446
1.4234803915023804
1.3862192630767822
1.3967825174331665
1.4071264266967773
1.438740849494934
1.4469245672225952
1.4020081758499146
1.4148268699645996
1.375882625579834
1.3770135641098022
1.4146919250488281
1.412684440612793
1.396939754486084
1.3720507621765137
1.4299845695495605
1.3683480024337769
1.3898202180862427
1.4187963008880615
1.3945982456207275
1.3622522354125977
1.3835822343826294
1.434973120689392
1.420229434967041
1.3971283435821533
1.4863731861114502
1.408146858215332
1.4069305658340454
1.4285635948181152
1.4113333225250244
1.4145662784576416
1.380316138267517
1.4213943481445312
1.4009425640106201
1.3768831491470337
1.3762977123260498
1.4006208181381226
1.4477593898773193
1.3962253332138062
1.4313784837722778
1.398067593574524
1.4097450971603394
1.403348445892334
1.4371912479400635
1.3815072774887085
1.4225890636444092
1.374650239944458
1.4020719528198242
1.3777910470962524
1.3991955518722534
1.4210822582244873
1.375941276550293
1.36290442943573
1.398547887802124
1.400560975074768
1.419784426689148
1.4142167568206787
1.413710594177246
1.3917144536972046
1.4002885818481445
1.3827322721481323
1.3960051536560059
1.4144829511642456
1.4044243097305298
1.4064531326293945
1.372953176498413
1.4119479656219482
1.3879562616348267
1.3838297128677368
1.3684098720550537
1.3938416242599487
1.3919446468353271
1.3995506763458252
1.4015047550201416
1.38603937625885
1.3779542446136475
1.3980646133422852
1.394913673400879
1.3652536869049072
1.3838900327682495
1.360922932624817
1.414530634880066
1.3802075386047363
1.4030392169952393
1.3982635736465454
1.3758931159973145
1.3755325078964233
1.3973963260650635
1.3824779987335205
1.4012408256530762
1.398175597190857
1.3952043056488037
1.3847401142120361
1.3921564817428589
1.389877200126648
1.4273629188537598
1.380029559135437
1.381449818611145
1.3969897031784058
1.4216302633285522
1.4278982877731323
1.375671625137329
1.3641722202301025
1.3969483375549316
1.3939921855926514
1.4032764434814453
1.399717926979065
1.3729166984558105
1.386983036994934
1.411002278327942
1.3977947235107422
1.418379545211792
1.375361680984497
1.4611417055130005
1.4336321353912354
1.3552957773208618
1.370696783065796
1.4070038795471191
1.3607157468795776
1.378281831741333
1.3756473064422607
1.402776837348938
1.3946590423583984
1.4026784896850586
1.366682529449463
1.3857686519622803
1.3729641437530518
1.398139476776123
1.3998639583587646
1.3412667512893677
1.3709580898284912
1.3751081228256226
1.3733232021331787
1.388922929763794
1.3640296459197998
1.3573977947235107
1.3672170639038086
1.3798233270645142
1.4035651683807373
1.3487707376480103
1.3650412559509277
1.3568707704544067
1.3731257915496826
1.3964866399765015
1.366432785987854
1.3901207447052002
1.3924020528793335
1.3795464038848877
1.3840410709381104
1.3820209503173828
1.4055181741714478
1.3611290454864502
1.3681471347808838
1.4094001054763794
1.3832217454910278
1.3705520629882812
1.4373925924301147
1.3534756898880005
1.374781608581543
1.4305685758590698
1.3770257234573364
1.372714877128601
1.3456025123596191
1.3860582113265991
1.3739365339279175
1.4089914560317993
1.399525761604309
1.3879908323287964
1.385568618774414
1.413891315460205
1.414828896522522
1.3165112733840942
1.3998980522155762
1.3337359428405762
1.3935130834579468
1.404239296913147
1.3927098512649536
1.3506125211715698
1.3638643026351929
1.382165551185608
1.3944789171218872
1.3990646600723267
1.389693021774292
1.3795591592788696
1.3493537902832031
1.4219242334365845
1.3608068227767944
1.381197452545166
1.4399731159210205
1.3243062496185303
1.3978984355926514
1.3694779872894287
1.4142428636550903
1.3892433643341064
1.3881316184997559
1.3542566299438477
1.357494592666626
1.3867403268814087
1.386653184890747
1.3809617757797241
1.4344350099563599
1.3558273315429688
1.3319846391677856
1.389126181602478
1.3969019651412964
1.3650096654891968
1.3551578521728516
1.3849005699157715
1.3824093341827393
1.371307373046875
1.4068104028701782
1.3778159618377686
1.3846147060394287
1.358682632446289
1.4055757522583008
1.3693355321884155
1.3687299489974976
1.3672738075256348
1.3962255716323853
1.4067624807357788
1.4020766019821167
1.4049769639968872
1.3839586973190308
1.3801543712615967
1.397998332977295
1.3883863687515259
1.4219942092895508
1.3896039724349976
1.422261357307434
1.410851240158081
1.3789552450180054
1.407944917678833
1.396382451057434
1.386169195175171
1.361833095550537
1.358282446861267
1.4171251058578491
1.3498990535736084
1.3723924160003662
1.390703558921814
1.4042729139328003
1.354919672012329
1.4184832572937012
1.3736717700958252
1.392298698425293
1.3254965543746948
1.3790770769119263
1.3741400241851807
1.3494714498519897
1.3703439235687256
1.4150590896606445
1.3517124652862549
1.3805443048477173
1.3953754901885986
1.3875726461410522
1.362296223640442
1.3561177253723145
1.359727382659912
1.3426660299301147
1.372793197631836
1.4001247882843018
1.3377960920333862
1.3653115034103394
1.377086877822876
1.352726697921753
1.4163246154785156
1.3951060771942139
1.3524202108383179
1.3861461877822876
1.381188988685608
1.4050160646438599
1.3832296133041382
1.3167966604232788
1.379825234413147
1.3830057382583618
1.3573026657104492
1.3764283657073975
1.3569493293762207
1.3733348846435547
1.3923507928848267
1.4136028289794922
1.3831058740615845
1.3679101467132568
1.3881202936172485
1.359710931777954
1.3657586574554443
1.3774378299713135
1.3919657468795776
1.3696244955062866
1.3801534175872803
1.358984112739563
1.385019063949585
1.3374310731887817
1.3401309251785278
1.3687419891357422
1.3799717426300049
1.3559668064117432
1.3468372821807861
1.3820971250534058
1.3911678791046143
1.3425732851028442
1.3622040748596191
1.3740302324295044
1.4033738374710083
1.3846317529678345
1.3998886346817017
1.373749017715454
1.3329492807388306
1.3566769361495972
1.4004656076431274
1.3630205392837524
1.367357850074768
1.387876033782959
1.3603534698486328
1.3625195026397705
1.4026983976364136
1.3681849241256714
1.3682066202163696
1.3619035482406616
1.3841450214385986
1.347679615020752
1.3440005779266357
1.3897639513015747
1.3649755716323853
1.3342478275299072
1.3493854999542236
1.371293067932129
1.3489537239074707
1.4030489921569824
1.3895694017410278
1.363503336906433
1.337795376777649
1.3578202724456787
1.370402216911316
1.393643856048584
1.361576795578003
1.3725453615188599
1.3707956075668335
1.3422666788101196
1.3556137084960938
1.3677196502685547
1.3637971878051758
1.3499051332473755
1.3719907999038696
1.4159038066864014
1.4008523225784302
1.3666127920150757
1.3525469303131104
1.348416805267334
1.3629610538482666
1.378908395767212
1.3723546266555786
1.3533921241760254
1.415828824043274
1.3882238864898682
1.3123762607574463
1.346002221107483
1.3329342603683472
1.4025477170944214
1.3766217231750488
1.357286810874939
1.3405375480651855
1.3620165586471558
1.3784208297729492
1.3598086833953857
1.3800791501998901
1.3117899894714355
1.3242583274841309
1.352445125579834
1.3605307340621948
1.3557316064834595
1.3593237400054932
1.3739447593688965
1.3591541051864624
1.3651556968688965
1.3676575422286987
1.3577815294265747
1.3792414665222168
1.3713077306747437
1.3609389066696167
1.3872143030166626
1.362992763519287
1.3690520524978638
1.3870874643325806
1.3644781112670898
1.4110503196716309
1.3722271919250488
1.3659640550613403
1.3608978986740112
1.393301248550415
1.3790911436080933
1.3685836791992188
1.3707815408706665
1.3722095489501953
1.364749550819397
1.3982247114181519
1.378867506980896
1.3379452228546143
1.3409276008605957
1.37991201877594
1.363823413848877
1.336556077003479
1.3750325441360474
1.3493374586105347
1.369175910949707
1.387506365776062
1.3825563192367554
1.3605246543884277
1.3684316873550415
1.354809045791626
1.347913384437561
1.3680349588394165
1.3495625257492065
1.3820587396621704
1.3808600902557373
1.3601529598236084
1.36097252368927
1.3407971858978271
1.3561029434204102
1.3816152811050415
1.3550760746002197
1.35116708278656
1.397812008857727
1.3897819519042969
1.3378750085830688
1.3749330043792725
1.3779933452606201
1.4072774648666382
1.3845330476760864
1.343612551689148
1.3955129384994507
1.3598026037216187
1.3961273431777954
1.3236877918243408
1.3631643056869507
1.3817776441574097
1.3799941539764404
1.3444701433181763
1.3735806941986084
1.3794646263122559
1.3726072311401367
1.3463091850280762
1.3289813995361328
1.3822137117385864
1.3775229454040527
1.3814611434936523
1.3354730606079102
1.3387991189956665
1.3379894495010376
1.3625965118408203
1.3614898920059204
1.3402599096298218
1.413476824760437
1.3581361770629883
1.3649084568023682
1.3853049278259277
1.375479817390442
1.3288670778274536
1.3297621011734009
1.3512217998504639
1.376636266708374
1.394309163093567
1.3887319564819336
1.3727399110794067
1.346873164176941
1.3865333795547485
1.3767929077148438
1.3440154790878296
1.3786461353302002
1.3708078861236572
1.3540527820587158
1.3810945749282837
1.3440862894058228
1.3600025177001953
1.3473941087722778
1.322305679321289
1.3624953031539917
1.3515576124191284
1.3499177694320679
1.3659979104995728
1.3682398796081543
1.3455445766448975
1.3491464853286743
1.37578547000885
1.3289684057235718
1.3657357692718506
1.3468356132507324
1.3393665552139282
1.3695108890533447
1.3376684188842773
1.370488166809082
1.3024073839187622
1.3429230451583862
1.3744271993637085
1.3745901584625244
1.3702911138534546
1.3486145734786987
1.3426417112350464
1.3782578706741333
1.3613883256912231
1.3378769159317017
1.3662739992141724
1.391573429107666
1.3593544960021973
1.3629781007766724
1.3766367435455322
1.297648549079895
1.3698264360427856
1.3737668991088867
1.3663239479064941
1.3818588256835938
1.325065016746521
1.358222484588623
1.3471938371658325
1.3544270992279053
1.390172004699707
1.378795862197876
1.348693609237671
1.3328157663345337
1.3372461795806885
1.3830530643463135
1.3341957330703735
1.366331934928894
1.3554871082305908
1.3925114870071411
1.4166609048843384
1.4021855592727661
1.3763353824615479
1.3554340600967407
1.3447118997573853
1.3466160297393799
1.3851797580718994
1.3916637897491455
1.3801963329315186
1.392001748085022
1.3628820180892944
1.3585575819015503
1.3223398923873901
1.3972580432891846
1.3445895910263062
1.3441410064697266
1.3419983386993408
1.3654849529266357
1.3469164371490479
1.342787265777588
1.3527088165283203
1.3593599796295166
1.343273401260376
1.332984447479248
1.314042568206787
1.3459397554397583
1.3529455661773682
1.3799747228622437
1.3581807613372803
1.3385859727859497
1.3526873588562012
1.347439169883728
1.327875018119812
1.3610901832580566
1.3536407947540283
1.37471604347229
1.3978480100631714
1.3587005138397217
1.3363332748413086
1.377398133277893
1.3643760681152344
1.3339691162109375
1.3722773790359497
1.3443243503570557
1.3867818117141724
1.3523836135864258
1.3759368658065796
1.3864727020263672
1.3312181234359741
1.38174569606781
1.357827067375183
1.3245365619659424
1.3781107664108276
1.3771754503250122
1.3463689088821411
1.3398394584655762
1.3407902717590332
1.3512842655181885
1.3500969409942627
1.344802737236023
1.3653740882873535
1.365712285041809
1.3668235540390015
1.3681597709655762
1.347884178161621
1.3560855388641357
1.3347036838531494
1.3313356637954712
1.3474522829055786
1.350929617881775
1.3515747785568237
1.3594529628753662
1.3357374668121338
1.3747166395187378
1.3633066415786743
1.394266128540039
1.3615734577178955
1.394463062286377
1.3594712018966675
1.3780256509780884
1.353736400604248
1.3418023586273193
1.3511511087417603
1.3405522108078003
1.3516381978988647
1.32387113571167
1.3339598178863525
1.3642630577087402
1.3076589107513428
1.343003511428833
1.3274824619293213
1.3677643537521362
1.3853029012680054
1.3680963516235352
1.3459348678588867
1.3465336561203003
1.341308832168579
1.3795534372329712
1.3318427801132202
1.3498984575271606
1.3335622549057007
1.3340131044387817
1.3836175203323364
1.3264325857162476
1.3417937755584717
1.3263680934906006
1.3776075839996338
1.3549636602401733
1.3420250415802002
1.3345730304718018
1.3593417406082153
1.3425055742263794
1.3498107194900513
1.3415300846099854
1.3378573656082153
1.3437762260437012
1.3295749425888062
1.3744534254074097
1.3313815593719482
1.3679794073104858
1.3397209644317627
1.3653243780136108
1.348285436630249
1.3848170042037964
1.3487919569015503
1.3835299015045166
1.3691998720169067
1.34468674659729
1.3889508247375488
1.358275055885315
1.3496394157409668
1.3515561819076538
1.3743139505386353
1.3578287363052368
1.3600445985794067
1.3462282419204712
1.359774112701416
1.338125228881836
1.3493423461914062
1.3399053812026978
1.3237982988357544
1.342957615852356
1.3305480480194092
1.370869755744934
1.3646055459976196
1.371806263923645
1.348734736442566
1.321691870689392
1.3638756275177002
1.3250385522842407
1.3607983589172363
1.3561007976531982
1.4035415649414062
1.3331621885299683
1.3535493612289429
1.346893548965454
1.316184639930725
1.371496319770813
1.3645213842391968
1.3671337366104126
1.3057032823562622
1.3376957178115845
1.3378527164459229
1.3487247228622437
1.3112553358078003
1.375694990158081
1.3134785890579224
1.3282628059387207
1.3402698040008545
1.3735040426254272
1.3744699954986572
1.3715763092041016
1.3312433958053589
1.3686281442642212
1.379111409187317
1.328291654586792
1.3781026601791382
1.3747282028198242
1.3703174591064453
1.3480864763259888
1.3814431428909302
1.338494896888733
1.3421238660812378
1.3237251043319702
1.326956868171692
1.3177396059036255
1.3886690139770508
1.3297899961471558
1.3434761762619019
1.3742588758468628
1.369957685470581
1.3454411029815674
1.366523027420044
1.3572462797164917
1.3485682010650635
1.3743118047714233
1.345911979675293
1.3335964679718018
1.3438597917556763
1.3236422538757324
1.3582597970962524
1.364427924156189
1.3357003927230835
1.3608180284500122
1.3578367233276367
1.3497225046157837
1.3298211097717285
1.3470994234085083
1.3378843069076538
1.3458365201950073
1.3397526741027832
1.3411617279052734
1.3552324771881104
1.324798345565796
1.3650439977645874
1.3689662218093872
1.3530527353286743
1.3543524742126465
1.3461449146270752
1.3432056903839111
1.3404816389083862
1.3332785367965698
1.340019941329956
1.3845744132995605
1.3927375078201294
1.3517324924468994
1.3373725414276123
1.3741698265075684
1.3848639726638794
1.3850129842758179
1.3444021940231323
1.3986420631408691
1.3295283317565918
1.3507459163665771
1.3014076948165894
1.325118899345398
1.3285881280899048
1.334123969078064
1.3708148002624512
1.3422958850860596
1.320865511894226
1.3456346988677979
1.3517444133758545
1.3580412864685059
1.3122596740722656
1.347617745399475
1.3244309425354004
1.3182851076126099
1.3546905517578125
1.3147399425506592
1.3174735307693481
1.3234610557556152
1.3533227443695068
1.320757269859314
1.3989826440811157
1.3464350700378418
1.3536337614059448
1.3669371604919434
1.3368134498596191
1.3584938049316406
1.332735300064087
1.3876906633377075
1.335143804550171
1.3405883312225342
1.3613284826278687
1.3600627183914185
1.346208930015564
1.3441152572631836
1.317936897277832
1.3530755043029785
1.3497415781021118
1.3447544574737549
1.332962989807129
1.3618894815444946
1.3108241558074951
1.3368955850601196
1.3611873388290405
1.3239001035690308
1.3598073720932007
1.3699989318847656
1.366673469543457
1.345820426940918
1.3209352493286133
1.330217719078064
1.3682825565338135
1.3353685140609741
1.3053762912750244
1.3813728094100952
1.33665132522583
1.337143063545227
1.3176342248916626
1.4010167121887207
1.3414753675460815
1.370251178741455
1.369688868522644
1.330686330795288
1.356340765953064
1.3479117155075073
1.3523985147476196
1.3388112783432007
1.3462414741516113
1.3371694087982178
1.3542869091033936
1.3591127395629883
1.347233533859253
1.4012317657470703
1.3199182748794556
1.3336458206176758
1.3177931308746338
1.3283724784851074
1.3586926460266113
1.3459391593933105
1.330406904220581
1.3405553102493286
1.350497841835022
1.329540729522705
1.3614866733551025
1.380908489227295
1.365155577659607
1.3247987031936646
1.3574943542480469
1.362877368927002
1.3126333951950073
1.3588013648986816
1.3532510995864868
1.3607985973358154
1.3400803804397583
1.3479235172271729
1.3575365543365479
1.3529754877090454
1.344339370727539
1.306726098060608
1.3412535190582275
1.3433412313461304
1.3320949077606201
1.3489564657211304
1.3811924457550049
1.3258451223373413
1.3273833990097046
1.3573415279388428
1.3696064949035645
1.3476442098617554
1.362242341041565
1.3434211015701294
1.3497703075408936
1.344204068183899
1.3364804983139038
1.3416012525558472
1.3413394689559937
1.3443280458450317
1.3459478616714478
1.363319754600525
1.3481389284133911
1.316878318786621
1.350962519645691
1.3231024742126465
1.3068495988845825
1.390264868736267
1.341047763824463
1.3195513486862183
1.326559066772461
1.3126323223114014
1.3482483625411987
1.338936448097229
1.3804404735565186
1.3099634647369385
1.3495105504989624
1.3493032455444336
1.324250340461731
1.3013269901275635
1.3668986558914185
1.302376389503479
1.3673936128616333
1.335365653038025
1.3028956651687622
1.3621138334274292
1.3552082777023315
1.340970754623413
1.3434436321258545
1.345603346824646
1.3373432159423828
1.3799278736114502
1.3648754358291626
1.3481369018554688
1.3293087482452393
1.3337148427963257
1.3302582502365112
1.3486496210098267
1.3382904529571533
1.332593321800232
1.2953057289123535
1.349483847618103
1.3439390659332275
1.3301464319229126
1.333296775817871
1.3074036836624146
1.3361161947250366
1.3230260610580444
1.3574638366699219
1.3162609338760376
1.3657561540603638
1.3446582555770874
1.360548734664917
1.3463648557662964
1.3487533330917358
1.3586533069610596
1.348330020904541
1.3556208610534668
1.3487509489059448
1.3557298183441162
1.3285447359085083
1.3414430618286133
1.3647775650024414
1.3407082557678223
1.3506919145584106
1.340964436531067
1.3225642442703247
1.3053696155548096
1.3658326864242554
1.3437657356262207
1.304807424545288
1.3513944149017334
1.3107097148895264
1.339630126953125
1.3173062801361084
1.3410929441452026
1.3361153602600098
1.3643512725830078
1.3940576314926147
1.297494888305664
1.342505693435669
1.3407435417175293
1.3808684349060059
1.3511968851089478
1.3188124895095825
1.3769267797470093
1.3674061298370361
1.3005194664001465
1.329020619392395
1.323915958404541
1.3408160209655762
1.3399367332458496
1.3451895713806152
1.2944507598876953
1.3482387065887451
1.340874433517456
1.3169910907745361
1.363257884979248
1.3370722532272339
1.3533178567886353
1.341662883758545
1.318820834159851
1.3241262435913086
1.3309910297393799
1.3127517700195312
1.3272807598114014
1.3471629619598389
1.348586082458496
1.3756684064865112
1.3076584339141846
1.3217129707336426
1.3202546834945679
1.3499295711517334
1.3135215044021606
1.3274991512298584
1.3109391927719116
1.3378843069076538
1.376325011253357
1.3454132080078125
1.3258527517318726
1.350260853767395
1.3400640487670898
1.3588154315948486
1.3148397207260132
1.3118356466293335
1.347956657409668
1.3625074625015259
1.2963818311691284
1.3183411359786987
1.2897917032241821
1.3100359439849854
1.3505245447158813
1.320656180381775
1.3278104066848755
1.353402853012085
1.3184159994125366
1.351184368133545
1.3249523639678955
1.338822603225708
1.3452699184417725
1.3133366107940674
1.298647165298462
1.3471242189407349
1.298274278640747
1.3085914850234985
1.3340717554092407
1.3332680463790894
1.3231171369552612
1.3173205852508545
1.3208400011062622
1.357243537902832
1.3351434469223022
1.3421128988265991
1.3225990533828735
1.3582724332809448
1.348675012588501
1.2974070310592651
1.366214632987976
1.3865963220596313
1.3383201360702515
1.3398069143295288
1.3330695629119873
1.356972336769104
1.356467843055725
1.3338245153427124
1.300759196281433
1.305402159690857
1.3171509504318237
1.3526289463043213
1.3433927297592163
1.3148438930511475
1.3357361555099487
1.3435204029083252
1.344069004058838
1.3106480836868286
1.341523289680481
1.3238426446914673
1.3309882879257202
1.3358614444732666
1.369533658027649
1.344683051109314
1.337704062461853
1.350081205368042
1.3813880681991577
1.3608791828155518
1.3741191625595093
1.3443013429641724
1.330920696258545
1.3480387926101685
1.3173271417617798
1.3490960597991943
1.3142224550247192
1.3093806505203247
1.3594595193862915
1.3410166501998901
1.3258063793182373
1.322414517402649
1.3213964700698853
1.3490186929702759
1.3194940090179443
1.3893895149230957
1.3275988101959229
1.3370949029922485
1.326473355293274
1.336639642715454
1.3317286968231201
1.3140252828598022
1.3504302501678467
1.3664737939834595
1.327805757522583
1.3332186937332153
1.3240575790405273
1.327303409576416
1.3239129781723022
1.3192658424377441
1.3306810855865479
1.3217766284942627
1.3462989330291748
1.3290188312530518
1.3824362754821777
1.3437583446502686
1.3534438610076904
1.3106873035430908
1.3488271236419678
1.316843867301941
1.369892954826355
1.3216071128845215
1.3155368566513062
1.3534172773361206
1.3275253772735596
1.3478456735610962
1.3440704345703125
1.3104839324951172
1.3351751565933228
1.3228812217712402
1.3330639600753784
1.305130124092102
1.3238940238952637
1.3002606630325317
1.3256226778030396
1.319655179977417
1.3334136009216309
1.3356810808181763
1.3243939876556396
1.3327184915542603
1.353952169418335
1.327714443206787
1.3194282054901123
1.3383522033691406
1.3657047748565674
1.3258945941925049
1.3224436044692993
1.3458688259124756
1.349255919456482
1.3399969339370728
1.3560028076171875
1.346181869506836
1.3474817276000977
1.3188767433166504
1.3233078718185425
1.344552993774414
1.314422607421875
1.3534773588180542
1.3385391235351562
1.3140636682510376
1.344281792640686
1.378517746925354
1.3183475732803345
1.338335394859314
1.3236995935440063
1.3462415933609009
1.3454986810684204
1.2852742671966553
1.3328053951263428
1.351927638053894
1.3447277545928955
1.2996861934661865
1.3026498556137085
1.3409382104873657
1.3537683486938477
1.3732481002807617
1.3069700002670288
1.3457509279251099
1.3743873834609985
1.395117163658142
1.3435901403427124
1.3575938940048218
1.2850016355514526
1.3132387399673462
1.3020304441452026
1.3267090320587158
1.3139344453811646
1.319772720336914
1.355229139328003
1.340252161026001
1.3570804595947266
1.3068510293960571
1.3468925952911377
1.3551781177520752
1.3225213289260864
1.3267006874084473
1.3118258714675903
1.313393473625183
1.3271225690841675
1.3207513093948364
1.385362148284912
1.3637936115264893
1.3463435173034668
1.316105842590332
1.3245811462402344
1.339858889579773
1.3683953285217285
1.3333830833435059
1.3154915571212769
1.3312424421310425
1.3567442893981934
1.3313130140304565
1.3568331003189087
1.3456796407699585
1.3506665229797363
1.306678295135498
1.3194162845611572
1.305724859237671
1.329850673675537
1.3415166139602661
1.3586064577102661
1.3820520639419556
1.3033251762390137
1.328578233718872
1.3091773986816406
1.3263248205184937
1.3541736602783203
1.32423734664917
1.3243108987808228
1.3309319019317627
1.337212085723877
1.3784239292144775
1.3432742357254028
1.3154447078704834
1.3209657669067383
1.326540231704712
1.3219722509384155
1.316491961479187
1.304529070854187
1.3414678573608398
1.3346610069274902
1.325602650642395
1.3340235948562622
1.3278928995132446
1.350589632987976
1.324950098991394
1.3448280096054077
1.3298066854476929
1.3272109031677246
1.3582420349121094
1.3082396984100342
1.320500135421753
1.3076848983764648
1.293077826499939
1.3071775436401367
1.3346161842346191
1.3313426971435547
1.2944726943969727
1.3337409496307373
1.3145973682403564
1.367329478263855
1.3118582963943481
1.318365216255188
1.3377443552017212
1.325440764427185
1.3524112701416016
1.3179770708084106
1.3285974264144897
1.39429771900177
1.3198696374893188
1.3170385360717773
1.3385463953018188
1.317780613899231
1.3421657085418701
1.3245726823806763
1.3500510454177856
1.3381824493408203
1.3337894678115845
1.3451415300369263
1.3444819450378418
1.3111411333084106
1.3330941200256348
1.3610177040100098
1.3206872940063477
1.3191137313842773
1.325760006904602
1.333965539932251
1.3340814113616943
1.3290811777114868
1.2675079107284546
1.342380404472351
1.3139889240264893
1.3519030809402466
1.3678852319717407
1.2910336256027222
1.3213832378387451
1.2821205854415894
1.3427716493606567
1.3185920715332031
1.3717615604400635
1.313523530960083
1.3186085224151611
1.3580572605133057
1.2851310968399048
1.336392879486084
1.3240814208984375
1.315214991569519
1.3044025897979736
1.300968885421753
1.305436611175537
1.3186290264129639
1.3431422710418701
1.3224724531173706
1.3417719602584839
1.3158456087112427
1.312283992767334
1.350592851638794
1.341223955154419
1.3949737548828125
1.310967206954956
1.3645424842834473
1.3370469808578491
1.300036907196045
1.3677603006362915
1.3148372173309326
1.3208348751068115
1.3403830528259277
1.3298736810684204
1.320833444595337
1.3494946956634521
1.3221181631088257
1.3588593006134033
1.3363860845565796
1.3061529397964478
1.3297017812728882
1.341506838798523
1.308774709701538
1.371196985244751
1.328061819076538
1.3552438020706177
1.3470863103866577
1.3476330041885376
1.312778353691101
1.3542970418930054
1.33180832862854
1.3462169170379639
1.3553131818771362
1.3161389827728271
1.3553800582885742
1.373247504234314
1.340191125869751
1.3385430574417114
1.3125883340835571
1.3518706560134888
1.3571619987487793
