4.183889865875244
3.545741558074951
3.2963645458221436
3.0416452884674072
2.878141164779663
2.7591326236724854
2.682640314102173
2.6312408447265625
2.602593421936035
2.561891794204712
2.5670711994171143
2.545794725418091
2.5339279174804688
2.551604986190796
2.4579973220825195
2.478212356567383
2.494478225708008
2.502354383468628
2.4841468334198
2.472174644470215
2.4651541709899902
2.4404447078704834
2.4723010063171387
2.448975086212158
2.432553291320801
2.4463517665863037
2.3985767364501953
2.4260952472686768
2.3846375942230225
2.3941690921783447
2.402329921722412
2.380776882171631
2.36218523979187
2.3389499187469482
2.3422749042510986
2.3695313930511475
2.3220810890197754
2.323777437210083
2.299787998199463
2.266272783279419
2.2759931087493896
2.277799129486084
2.2753689289093018
2.274458169937134
2.2335407733917236
2.257495880126953
2.2553157806396484
2.2693328857421875
2.26086163520813
2.235614776611328
2.221109390258789
2.194988250732422
2.202813148498535
2.206082344055176
2.19012451171875
2.207719564437866
2.171929121017456
2.1877706050872803
2.21574068069458
2.22084903717041
2.177234172821045
2.177675724029541
2.1859705448150635
2.16867995262146
2.131830930709839
2.151460647583008
2.1670799255371094
2.1511247158050537
2.1222238540649414
2.1127781867980957
2.1430206298828125
2.134326934814453
2.1040053367614746
2.1118123531341553
2.1157615184783936
2.114461660385132
2.132502317428589
2.1018903255462646
2.1077167987823486
2.0780768394470215
2.0747568607330322
2.103830337524414
2.060382843017578
2.060086965560913
2.0748331546783447
2.0550220012664795
2.0798330307006836
2.059443235397339
2.0655558109283447
2.0744142532348633
2.0685060024261475
2.056004762649536
2.0226640701293945
2.0340518951416016
2.078824996948242
2.033064603805542
2.0245275497436523
2.029080867767334
2.0288586616516113
2.0253920555114746
2.0222907066345215
1.984865427017212
2.004216432571411
2.009280204772949
2.0076239109039307
1.9946081638336182
1.9661741256713867
2.0047216415405273
1.9878134727478027
1.970421314239502
1.9909600019454956
1.97512948513031
1.9881070852279663
1.9978595972061157
1.9471378326416016
1.950889229774475
1.9603464603424072
1.9358978271484375
1.9362386465072632
1.9406523704528809
1.9697376489639282
1.943195104598999
1.9426019191741943
1.9503122568130493
1.961552381515503
1.9360498189926147
1.9056181907653809
1.9314091205596924
1.8770145177841187
1.9233603477478027
1.9041852951049805
1.920727252960205
1.9323065280914307
1.9257118701934814
1.9159692525863647
1.9144766330718994
1.9438360929489136
1.914582371711731
1.8662729263305664
1.9038165807724
1.9022021293640137
1.9214367866516113
1.8885791301727295
1.8763254880905151
1.8490229845046997
1.8753968477249146
1.8579429388046265
1.8272418975830078
1.8896070718765259
1.8810540437698364
1.8538647890090942
1.840476632118225
1.833770990371704
1.8549509048461914
1.8840367794036865
1.9061732292175293
1.8695975542068481
1.881129264831543
1.8002378940582275
1.8157448768615723
1.8383511304855347
1.8502310514450073
1.7936995029449463
1.8365683555603027
1.854501724243164
1.814869999885559
1.871041178703308
1.8072724342346191
1.7935166358947754
1.816293716430664
1.8179757595062256
1.8425127267837524
1.8077305555343628
1.7978897094726562
1.769648790359497
1.829258918762207
1.815081000328064
1.8034487962722778
1.8140100240707397
1.8258203268051147
1.817659616470337
1.7739307880401611
1.8278989791870117
1.7927223443984985
1.7977927923202515
1.7641946077346802
1.7999615669250488
1.7986865043640137
1.816249966621399
1.8033403158187866
1.8078967332839966
1.8102318048477173
1.7357161045074463
1.7836763858795166
1.7758172750473022
1.7913905382156372
1.7762888669967651
1.7423824071884155
1.742793083190918
1.7722965478897095
1.7753504514694214
1.7447179555892944
1.7225253582000732
1.734724521636963
1.7996758222579956
1.7588695287704468
1.7292841672897339
1.7484115362167358
1.712914228439331
1.7502663135528564
1.7394816875457764
1.7580872774124146
1.7095896005630493
1.6889997720718384
1.7421315908432007
1.7283504009246826
1.7341755628585815
1.7136138677597046
1.7438791990280151
1.7589492797851562
1.7416877746582031
1.7081725597381592
1.7360429763793945
1.7490028142929077
1.7060045003890991
1.7211263179779053
1.7157323360443115
1.7251479625701904
1.7254974842071533
1.6895900964736938
1.6970160007476807
1.6989918947219849
1.696954369544983
1.68229341506958
1.6983555555343628
1.7160377502441406
1.6829437017440796
1.705779790878296
1.6827208995819092
1.6887102127075195
1.6680631637573242
1.706624984741211
1.703996181488037
1.6742565631866455
1.6811423301696777
1.6758793592453003
1.693561315536499
1.6927586793899536
1.701121211051941
1.699950933456421
1.7049213647842407
1.683286428451538
1.670767903327942
1.678098201751709
1.6861920356750488
1.6513596773147583
1.6483173370361328
1.6490893363952637
1.675761342048645
1.633594274520874
1.6390916109085083
1.6783455610275269
1.6323796510696411
1.6084139347076416
1.6629307270050049
1.704759955406189
1.6623426675796509
1.6527228355407715
1.6615440845489502
1.6386679410934448
1.6520975828170776
1.6736717224121094
1.6257514953613281
1.6403130292892456
1.6632410287857056
1.6574256420135498
1.6567816734313965
1.6700644493103027
1.641252040863037
1.6604143381118774
1.6370604038238525
1.6149449348449707
1.666198968887329
1.6355760097503662
1.6231426000595093
1.6806585788726807
1.647875189781189
1.6418373584747314
1.6696127653121948
1.5920460224151611
1.630672812461853
1.6207377910614014
1.61488676071167
1.6713693141937256
1.645046353340149
1.6136821508407593
1.6381115913391113
1.663063645362854
1.5712320804595947
1.678865671157837
1.6313961744308472
1.6207489967346191
1.6183311939239502
1.598869800567627
1.6030890941619873
1.6131398677825928
1.615019679069519
1.6435545682907104
1.6034184694290161
1.6428349018096924
1.6453555822372437
1.645899772644043
1.5959206819534302
1.6324403285980225
1.6166398525238037
1.6071768999099731
1.6372252702713013
1.6425796747207642
1.5613242387771606
1.6470158100128174
1.5834593772888184
1.5917057991027832
1.5986324548721313
1.6039104461669922
1.5989701747894287
1.6107944250106812
1.586193561553955
1.6052522659301758
1.6019781827926636
1.6131958961486816
1.5824406147003174
1.56540048122406
1.6015416383743286
1.6104711294174194
1.59026038646698
1.5953047275543213
1.5843535661697388
1.585363745689392
1.6273937225341797
1.6029014587402344
1.6089019775390625
1.5978507995605469
1.5643237829208374
1.6214630603790283
1.576983094215393
1.5617507696151733
1.5576125383377075
1.5647145509719849
1.616795301437378
1.5930051803588867
1.5949068069458008
1.5827134847640991
1.647263526916504
1.5446547269821167
1.570168375968933
1.5877478122711182
1.577066421508789
1.5585891008377075
1.6011788845062256
1.5620207786560059
1.597954273223877
1.5965224504470825
1.584186315536499
1.605597972869873
1.6047797203063965
1.5582892894744873
1.5520788431167603
1.5842046737670898
1.5708435773849487
1.5406925678253174
1.5932536125183105
1.5821683406829834
1.5543105602264404
1.5573762655258179
1.5125527381896973
1.5587360858917236
1.5451147556304932
1.591552972793579
1.5355266332626343
1.5219430923461914
1.5729589462280273
1.5429493188858032
1.5501176118850708
1.4896042346954346
1.5746488571166992
1.5422474145889282
1.5724928379058838
1.5434414148330688
1.5393376350402832
1.5280883312225342
1.5806231498718262
1.5383422374725342
1.4982788562774658
1.5539977550506592
1.5808968544006348
1.5394132137298584
1.509480595588684
1.5204882621765137
1.5701138973236084
1.5498144626617432
1.528165578842163
1.513032078742981
1.5364269018173218
1.5447676181793213
1.5757826566696167
1.540775179862976
1.5058969259262085
1.512778878211975
1.534765362739563
1.4981951713562012
1.5457375049591064
1.533381462097168
1.528873085975647
1.5920261144638062
1.5400141477584839
1.5193043947219849
1.5261191129684448
1.5382035970687866
1.59185791015625
1.5350761413574219
1.524497151374817
1.5091056823730469
1.5474244356155396
1.5280475616455078
1.518873691558838
1.5027107000350952
1.5315600633621216
1.5563592910766602
1.5368802547454834
1.5276271104812622
1.5011109113693237
1.5685235261917114
1.532846450805664
1.4981882572174072
1.512381672859192
1.5287258625030518
1.5059270858764648
1.502748966217041
1.509202003479004
1.5110629796981812
1.5118046998977661
1.5059372186660767
1.5412278175354004
1.518114447593689
1.5172923803329468
1.524121642112732
1.583611249923706
1.498888373374939
1.5472227334976196
1.5057969093322754
1.5064326524734497
1.5185906887054443
1.5017611980438232
1.493237853050232
1.495334506034851
1.5208946466445923
1.521418571472168
1.4787527322769165
1.526845097541809
1.4851242303848267
1.5166375637054443
1.4956330060958862
1.5235482454299927
1.5054352283477783
1.4981669187545776
1.5446012020111084
1.5057469606399536
1.4982118606567383
1.5244567394256592
1.4786144495010376
1.5285451412200928
1.4947195053100586
1.4980148077011108
1.525721549987793
1.4805502891540527
1.5081455707550049
1.4510462284088135
1.5279428958892822
1.5006144046783447
1.4926855564117432
1.5418463945388794
1.5383843183517456
1.5132935047149658
1.5273109674453735
1.5256469249725342
1.4860445261001587
1.4631787538528442
1.5111520290374756
1.4843987226486206
1.5289565324783325
1.503113865852356
1.484304428100586
1.5029070377349854
1.4668142795562744
1.470560073852539
1.510957956314087
1.507154107093811
1.4652351140975952
1.501322865486145
1.5147300958633423
1.5056554079055786
1.5285106897354126
1.5017329454421997
1.4545270204544067
1.4931457042694092
1.4585503339767456
1.4638936519622803
1.4869470596313477
1.5140230655670166
1.4712872505187988
1.5353494882583618
1.4613112211227417
1.4871809482574463
1.4571168422698975
1.4994564056396484
1.483038067817688
1.4713695049285889
1.4809778928756714
1.4788719415664673
1.5072526931762695
1.4969059228897095
1.4611376523971558
1.51059091091156
1.5462881326675415
1.5124413967132568
1.4495686292648315
1.492785930633545
1.468601107597351
1.4750791788101196
1.4572312831878662
1.5158108472824097
1.4622952938079834
1.5001968145370483
1.5371462106704712
1.4715975522994995
1.4540935754776
1.5336761474609375
1.5059573650360107
1.5324954986572266
1.468522071838379
1.4630359411239624
1.5258750915527344
1.5488210916519165
1.4633127450942993
1.47962486743927
1.4946662187576294
1.4621258974075317
1.505786418914795
1.4749014377593994
1.4887374639511108
1.5015511512756348
1.5260335206985474
1.4779807329177856
1.4472306966781616
1.4699088335037231
1.5127581357955933
1.431025743484497
1.502213478088379
1.477828025817871
1.4740172624588013
1.4392566680908203
1.4775457382202148
1.457659125328064
1.5165627002716064
1.490102767944336
1.4773602485656738
1.421209454536438
1.4558697938919067
1.4540023803710938
1.4785029888153076
1.4851075410842896
1.4831372499465942
1.4364676475524902
1.4842268228530884
1.4691909551620483
1.3861851692199707
1.453794002532959
1.494354486465454
1.4644960165023804
1.441888689994812
1.4723094701766968
1.4833590984344482
1.4869025945663452
1.4964993000030518
1.4586435556411743
1.4634857177734375
1.4324833154678345
1.517664909362793
1.5104588270187378
1.4444373846054077
1.4622151851654053
1.4563963413238525
1.4703618288040161
1.4830622673034668
1.4403960704803467
1.4592528343200684
1.5073215961456299
1.4462854862213135
1.4678897857666016
1.5005393028259277
1.4572428464889526
1.4622689485549927
1.472801923751831
1.4985947608947754
1.480473518371582
1.4136062860488892
1.4410667419433594
1.419156789779663
1.4518654346466064
1.4441845417022705
1.4847934246063232
1.4220991134643555
1.483052372932434
1.4493566751480103
1.4397252798080444
1.4236973524093628
1.4587843418121338
1.434540867805481
1.4309688806533813
1.4908266067504883
1.4589124917984009
1.4487357139587402
1.4385591745376587
1.47642982006073
1.4141063690185547
1.4390044212341309
1.4664194583892822
1.4280359745025635
1.4543676376342773
1.4328587055206299
1.4702366590499878
1.4657741785049438
1.432492971420288
1.485490322113037
1.404006838798523
1.462836503982544
1.4461060762405396
1.4459010362625122
1.444627285003662
1.4877108335494995
1.4852029085159302
1.4607014656066895
1.4017553329467773
1.436997652053833
1.4338014125823975
1.4349910020828247
1.4003993272781372
1.4706960916519165
1.4808554649353027
1.4576078653335571
1.3926215171813965
1.4146720170974731
1.3941974639892578
1.4139559268951416
1.494981288909912
1.4116252660751343
1.4160115718841553
1.40559720993042
1.437804102897644
1.4548139572143555
1.4251956939697266
1.4208685159683228
1.4286667108535767
1.3988077640533447
1.3975876569747925
1.4547882080078125
1.486814260482788
1.4186382293701172
1.4510087966918945
1.4248453378677368
1.4312463998794556
1.4150044918060303
1.4604097604751587
1.4104094505310059
1.4667247533798218
1.450583815574646
1.4256129264831543
1.4293577671051025
1.396830439567566
1.4474897384643555
1.4562056064605713
1.4426010847091675
1.3786509037017822
1.4389135837554932
1.410733938217163
1.3820120096206665
1.4619736671447754
1.4185489416122437
1.4152977466583252
1.4441618919372559
1.4081742763519287
1.4448522329330444
1.409409761428833
1.417934775352478
1.403799295425415
1.4251844882965088
1.4328137636184692
1.4774926900863647
1.439605712890625
1.3832006454467773
1.3954945802688599
1.493300199508667
1.4012675285339355
1.4151850938796997
1.4348303079605103
1.3935335874557495
1.39187490940094
1.407703161239624
1.4314645528793335
1.4241169691085815
1.4144593477249146
1.4544004201889038
1.4205900430679321
1.423535943031311
1.420426845550537
1.4194289445877075
1.4289456605911255
1.4487868547439575
1.456043004989624
1.468960165977478
1.4262868165969849
1.4741883277893066
1.434049367904663
1.4238924980163574
1.4117835760116577
1.4745410680770874
1.437074065208435
1.4263098239898682
1.4089696407318115
1.412587285041809
1.4567017555236816
1.4588953256607056
1.3983858823776245
1.4198132753372192
1.4363194704055786
1.4122847318649292
1.407517671585083
1.3731762170791626
1.4230929613113403
1.42744779586792
1.412049651145935
1.388556718826294
1.4410343170166016
1.4017038345336914
1.379770040512085
1.4041668176651
1.4288078546524048
1.416684865951538
1.4381109476089478
1.3982515335083008
1.4350377321243286
1.428926706314087
1.4063650369644165
1.4096193313598633
1.4193382263183594
1.3768538236618042
1.443957805633545
1.4071674346923828
1.4470868110656738
1.390773057937622
1.3605917692184448
1.4247055053710938
1.3948571681976318
1.4135453701019287
1.424494743347168
1.4113543033599854
1.42424738407135
1.4084516763687134
1.4339377880096436
1.4116544723510742
1.346674919128418
1.4422545433044434
1.4111912250518799
1.397482991218567
1.3938723802566528
1.4107425212860107
1.4114826917648315
1.4228087663650513
1.4530937671661377
1.4491392374038696
1.455417513847351
1.459490418434143
1.3944990634918213
1.3968303203582764
1.4009621143341064
1.3885245323181152
1.39763605594635
1.3688411712646484
1.433220624923706
1.390657901763916
1.396104097366333
1.4125655889511108
1.397966980934143
1.430695652961731
1.4495552778244019
1.4143620729446411
1.4149225950241089
1.3750102519989014
1.4255352020263672
1.4108577966690063
1.4278236627578735
1.4352202415466309
1.4042799472808838
1.3931527137756348
1.4103738069534302
1.4137966632843018
1.4137911796569824
1.401916265487671
1.3877512216567993
1.4017820358276367
1.4283604621887207
1.413600206375122
1.428539514541626
1.4087721109390259
1.414903998374939
1.3889025449752808
1.4246262311935425
1.3891338109970093
1.4003772735595703
1.435152292251587
1.4377750158309937
1.4329429864883423
1.4002562761306763
1.4201958179473877
1.3769762516021729
1.4186573028564453
1.4053701162338257
1.392092227935791
1.4222540855407715
1.415850043296814
1.3796261548995972
1.4179341793060303
1.426598310470581
1.4508941173553467
1.3780341148376465
1.385731816291809
1.4189255237579346
1.4038211107254028
1.3599597215652466
1.4200596809387207
1.4196527004241943
1.4094873666763306
1.3972115516662598
1.371424674987793
1.3809456825256348
1.3627020120620728
1.3704758882522583
1.376642107963562
1.4054701328277588
1.4185866117477417
1.3994367122650146
1.4039286375045776
1.4329074621200562
1.4460195302963257
1.4018480777740479
1.4031025171279907
1.388853907585144
1.3991625308990479
1.3728383779525757
1.415669560432434
1.4179716110229492
1.412402868270874
1.3906662464141846
1.3566229343414307
1.3930065631866455
1.4258769750595093
1.3705562353134155
1.3977857828140259
1.4434229135513306
1.4764463901519775
1.4063884019851685
1.3514642715454102
1.4224028587341309
1.3919497728347778
1.3958419561386108
1.3802003860473633
1.4128068685531616
1.4013662338256836
1.3867589235305786
1.4141592979431152
1.3980276584625244
1.3746007680892944
1.3933839797973633
1.3659958839416504
1.4222155809402466
1.3720921277999878
1.3800853490829468
1.4487297534942627
1.387009859085083
1.337127685546875
1.3963212966918945
1.3941823244094849
1.3653711080551147
1.3562318086624146
1.3741220235824585
1.3536213636398315
1.3963271379470825
1.376320481300354
1.3823078870773315
1.40204918384552
1.3983477354049683
1.4121460914611816
1.3979963064193726
1.4064527750015259
1.4306373596191406
1.406490683555603
1.3916562795639038
1.3736330270767212
1.4118337631225586
1.3881237506866455
1.3731136322021484
1.3963820934295654
1.3947689533233643
1.4015552997589111
1.3713096380233765
1.3672099113464355
1.3754377365112305
1.3668811321258545
1.392865538597107
1.3957583904266357
1.3950676918029785
1.4120961427688599
1.396315336227417
1.407530426979065
1.3675543069839478
1.3768837451934814
1.3698960542678833
1.3892651796340942
1.3811521530151367
1.394463300704956
1.378597617149353
1.4007939100265503
1.3928829431533813
1.4121054410934448
1.3504679203033447
1.378741979598999
1.4203882217407227
1.3896089792251587
1.3657193183898926
1.3919504880905151
1.393624186515808
1.3771083354949951
1.391589879989624
1.3673328161239624
1.33168363571167
1.401157021522522
1.378554344177246
1.4217655658721924
1.3658208847045898
1.3932441473007202
1.3868741989135742
1.3675978183746338
1.4150960445404053
1.3691469430923462
1.4400815963745117
1.3635149002075195
1.3774782419204712
1.3957561254501343
1.3738751411437988
1.374200701713562
1.393953800201416
1.3848392963409424
1.3973356485366821
1.3729174137115479
1.4335062503814697
1.4230014085769653
1.355544924736023
1.3556350469589233
1.3868496417999268
1.3311406373977661
1.391028642654419
1.396566390991211
1.3479949235916138
1.3718029260635376
1.3692331314086914
1.3787915706634521
1.3762784004211426
1.3624131679534912
1.3803775310516357
1.3496109247207642
1.3633925914764404
1.4041080474853516
1.3567804098129272
1.386420726776123
1.359782338142395
1.3777040243148804
1.3715633153915405
1.3959015607833862
1.3481136560440063
1.369162678718567
1.397127389907837
1.3801072835922241
1.363158941268921
1.3822327852249146
1.3600205183029175
1.4015352725982666
1.3645172119140625
1.3663475513458252
1.368268370628357
1.3722343444824219
1.362541675567627
1.3972556591033936
1.364692211151123
1.3620593547821045
1.3829036951065063
1.3815293312072754
1.3338819742202759
1.384148120880127
1.3753796815872192
1.3441541194915771
1.3591883182525635
1.3857933282852173
1.3688994646072388
1.3739519119262695
1.377860188484192
1.3465001583099365
1.3848705291748047
1.3738454580307007
1.388993263244629
1.3532699346542358
1.338500738143921
1.3648204803466797
1.3772881031036377
1.3589104413986206
1.3637151718139648
1.3625766038894653
1.3609098196029663
1.3812828063964844
1.3898465633392334
1.3699326515197754
1.3980389833450317
1.387714147567749
1.3968420028686523
1.3449199199676514
1.348851203918457
1.3801790475845337
1.3499181270599365
1.3747824430465698
1.3685990571975708
1.3494384288787842
1.3973698616027832
1.3431406021118164
1.3968150615692139
1.3692359924316406
1.379898190498352
1.3568639755249023
1.431344985961914
1.3961677551269531
1.342754602432251
1.388664960861206
1.3796833753585815
1.3435250520706177
1.3495726585388184
1.410029411315918
1.3717741966247559
1.3667376041412354
1.3970063924789429
1.3711481094360352
1.3660833835601807
1.374610424041748
1.342441201210022
1.3557145595550537
1.3577202558517456
1.391275405883789
1.3316383361816406
1.369283676147461
1.3429408073425293
1.3600411415100098
1.396354079246521
1.375838041305542
1.359544038772583
1.3185279369354248
1.337926983833313
1.3338117599487305
1.358525276184082
1.4059957265853882
1.3802052736282349
1.3515636920928955
1.3698866367340088
1.3985356092453003
1.392553687095642
1.4110208749771118
1.344974398612976
1.3499196767807007
1.3604882955551147
1.3667315244674683
1.362593412399292
1.3532555103302002
1.3684749603271484
1.367446780204773
1.3502951860427856
1.3833421468734741
1.3593825101852417
1.391690969467163
1.383514165878296
1.3366985321044922
1.3901984691619873
1.3101511001586914
1.4105409383773804
1.3796594142913818
1.362008810043335
1.3633209466934204
1.349500060081482
1.3876001834869385
1.4012854099273682
1.3719948530197144
1.414738416671753
1.3818033933639526
1.353678584098816
1.3797533512115479
1.3594268560409546
1.3442597389221191
1.3622931241989136
1.3743008375167847
1.3457825183868408
1.3459577560424805
1.3665298223495483
1.3534482717514038
1.4020205736160278
1.3449413776397705
1.360186219215393
1.3616774082183838
1.3511583805084229
1.3672358989715576
1.401249885559082
1.3428583145141602
1.3676954507827759
1.3502253293991089
1.361923336982727
1.3671414852142334
1.3815793991088867
1.3629472255706787
1.3858813047409058
1.3577852249145508
1.3923054933547974
1.3202279806137085
1.3852967023849487
1.3698303699493408
1.3789185285568237
1.3396022319793701
1.3573083877563477
1.3458696603775024
1.3460055589675903
1.363831877708435
1.3803231716156006
1.3821970224380493
1.3420612812042236
1.3413667678833008
1.3796337842941284
1.3484305143356323
1.3441094160079956
1.334651231765747
1.3239383697509766
1.3430590629577637
1.3390613794326782
1.3390731811523438
1.357712745666504
1.3704979419708252
1.410036563873291
1.3639839887619019
1.3583601713180542
1.3792989253997803
1.3837441205978394
1.3626654148101807
1.3734747171401978
1.3070625066757202
1.3536664247512817
1.3704290390014648
1.3519891500473022
1.3428400754928589
1.3553636074066162
1.3699498176574707
1.4144494533538818
1.3345122337341309
1.3232041597366333
1.358783483505249
1.3815453052520752
1.3652405738830566
1.3457378149032593
1.34793221950531
1.3533509969711304
1.361562967300415
1.3431960344314575
1.3644111156463623
1.3467575311660767
1.3635377883911133
1.3052047491073608
1.3518273830413818
1.382220983505249
1.3723127841949463
1.3360437154769897
1.3577033281326294
1.3515949249267578
1.3489134311676025
1.3368560075759888
1.3479595184326172
1.3038849830627441
1.355223536491394
1.3521366119384766
1.371927261352539
1.3867361545562744
1.3426735401153564
1.3486946821212769
1.3501406908035278
1.3690273761749268
1.3549643754959106
1.3566062450408936
1.3511455059051514
1.3646700382232666
1.350568175315857
1.3154561519622803
1.3725149631500244
1.3535335063934326
1.3415353298187256
1.3702174425125122
1.3621453046798706
1.336673617362976
1.3543531894683838
1.3706201314926147
1.315306544303894
1.3736478090286255
1.328055500984192
1.3724783658981323
1.369037389755249
1.3410685062408447
1.3438341617584229
1.38442063331604
1.3396751880645752
1.3695639371871948
1.3540791273117065
1.3672425746917725
1.346488356590271
1.342827558517456
1.3647005558013916
1.349897861480713
1.3554767370224
1.3588120937347412
1.3327431678771973
1.3526990413665771
1.3745832443237305
1.3960232734680176
1.337904453277588
1.3256093263626099
1.3417989015579224
1.2926725149154663
1.3647173643112183
1.3657002449035645
1.3532969951629639
1.3135381937026978
1.3485969305038452
1.3765665292739868
1.3565242290496826
1.3720248937606812
1.3148597478866577
1.3648663759231567
1.34326171875
1.386265516281128
1.3484045267105103
1.328023076057434
1.3360874652862549
1.3802582025527954
1.3337472677230835
1.329270601272583
1.3311216831207275
1.3425219058990479
1.363322377204895
1.3348151445388794
1.3598486185073853
1.3470330238342285
1.3696434497833252
1.379541277885437
1.329329013824463
1.3526277542114258
1.353685736656189
1.3656492233276367
1.3358747959136963
1.3560751676559448
1.2998521327972412
1.323383092880249
1.3323736190795898
1.354279637336731
1.3338922262191772
1.328933835029602
1.342222809791565
1.3471838235855103
1.3160985708236694
1.3603572845458984
1.3906903266906738
1.3442885875701904
1.3585666418075562
1.3288766145706177
1.3546630144119263
1.3253368139266968
1.3201501369476318
1.359790563583374
1.3356349468231201
1.3506735563278198
1.338333010673523
1.3126566410064697
1.3821450471878052
1.349247694015503
1.3322004079818726
1.3309357166290283
1.3187490701675415
1.3148915767669678
1.3210852146148682
1.326965093612671
1.3085627555847168
1.345371961593628
1.3484759330749512
1.3379926681518555
1.3471088409423828
1.3074970245361328
1.3407751321792603
1.3596619367599487
1.3311251401901245
1.3323301076889038
1.3472998142242432
1.3502414226531982
1.344283103942871
1.3512452840805054
1.3371222019195557
1.3396908044815063
1.358349084854126
1.35427725315094
1.352141261100769
1.3318150043487549
1.3483030796051025
1.3340991735458374
1.3417112827301025
1.3804227113723755
1.3351856470108032
1.3343935012817383
1.3857969045639038
1.3419815301895142
1.3673359155654907
1.3018252849578857
1.3399484157562256
1.3419512510299683
1.3597357273101807
1.2914239168167114
1.3647446632385254
1.3455694913864136
1.37180495262146
1.3536967039108276
1.3599690198898315
1.342829942703247
1.3503236770629883
1.332511067390442
1.3271746635437012
1.3664216995239258
1.3539565801620483
1.3337595462799072
1.3442696332931519
1.315585970878601
1.3300414085388184
1.3088828325271606
1.3395668268203735
1.3023134469985962
1.3482133150100708
1.3368867635726929
1.3661234378814697
1.3275154829025269
1.3483307361602783
1.3363347053527832
1.2875527143478394
1.339860439300537
1.3518868684768677
1.3550705909729004
1.3111954927444458
1.325262188911438
1.3231909275054932
1.3351250886917114
1.3224680423736572
1.3265818357467651
1.3442217111587524
1.3526999950408936
1.2981585264205933
1.3396271467208862
1.3315919637680054
1.3322901725769043
1.307874083518982
1.3638198375701904
1.3364391326904297
1.3601616621017456
1.3178751468658447
1.3286123275756836
1.3103723526000977
1.341396450996399
1.3507407903671265
1.3521825075149536
1.3428913354873657
1.3626630306243896
1.3483951091766357
1.3351393938064575
1.3350943326950073
1.3679697513580322
1.3511306047439575
1.3530398607254028
1.3560432195663452
1.3419804573059082
1.3564101457595825
1.2975126504898071
1.3393371105194092
1.3035269975662231
1.3263059854507446
1.2944798469543457
1.3335012197494507
1.312121868133545
1.3831983804702759
1.3155180215835571
1.3589497804641724
1.3442100286483765
1.3458073139190674
1.344971776008606
1.3855773210525513
1.3341718912124634
1.347915768623352
1.3635553121566772
1.3753061294555664
1.334773302078247
1.3421019315719604
1.2965848445892334
1.3316272497177124
1.3333872556686401
1.3386850357055664
1.3022435903549194
1.3354015350341797
1.3345487117767334
1.3654069900512695
1.339159369468689
1.3370355367660522
1.3022809028625488
1.30070960521698
1.3512333631515503
1.3275953531265259
1.3253896236419678
1.353481411933899
1.337956190109253
1.3033536672592163
1.353726863861084
1.3490314483642578
1.3595105409622192
1.3362897634506226
1.3732434511184692
1.3344208002090454
1.3399025201797485
1.2942146062850952
1.3364924192428589
1.3126764297485352
1.3326971530914307
1.3307771682739258
1.3645310401916504
1.3499019145965576
1.3314929008483887
1.3339649438858032
1.3423892259597778
1.3284533023834229
1.303698182106018
1.3062472343444824
1.3000801801681519
1.3305774927139282
1.3287928104400635
1.3284351825714111
1.3362680673599243
1.3549612760543823
1.3026068210601807
1.4062780141830444
1.35933256149292
1.324175238609314
1.3243236541748047
1.3691704273223877
1.3381736278533936
1.3211232423782349
1.3551806211471558
1.3596796989440918
1.3323882818222046
1.3111995458602905
1.3416564464569092
1.304819107055664
1.3315138816833496
1.3503406047821045
1.3290197849273682
1.3255717754364014
1.3133817911148071
1.3312718868255615
1.3302065134048462
1.3287235498428345
1.3282835483551025
1.3203151226043701
1.3049074411392212
1.3490267992019653
1.3218631744384766
1.3357354402542114
1.3106282949447632
1.3544796705245972
1.3629310131072998
1.353529930114746
1.3291516304016113
1.29414701461792
1.3272215127944946
1.3156285285949707
1.3163334131240845
1.2920061349868774
1.3495558500289917
1.3270303010940552
1.3350014686584473
1.2917457818984985
1.3108412027359009
1.3444291353225708
1.3467326164245605
1.3494446277618408
1.3295328617095947
1.3404148817062378
1.3514502048492432
1.3604077100753784
1.3447715044021606
1.3057018518447876
1.3291701078414917
1.3148878812789917
1.2920591831207275
1.3113188743591309
1.3035376071929932
1.3342878818511963
1.3393051624298096
1.3189336061477661
1.3500559329986572
1.2979216575622559
1.3323540687561035
1.3083865642547607
1.3088470697402954
1.293544054031372
1.3042218685150146
1.3121320009231567
1.3045454025268555
1.3395620584487915
1.3355803489685059
1.341400146484375
1.3175917863845825
1.3228260278701782
1.327301025390625
1.3398011922836304
1.326706886291504
1.34286630153656
1.3027786016464233
1.3173531293869019
1.315028429031372
1.3260629177093506
1.3078168630599976
1.3643094301223755
1.3037171363830566
1.2929129600524902
1.3199810981750488
1.32296884059906
1.3071843385696411
1.335533618927002
1.3450816869735718
1.3230384588241577
1.3501970767974854
1.3252415657043457
1.33250093460083
1.3406269550323486
1.308424472808838
1.31781005859375
1.328379511833191
1.2811782360076904
1.3089776039123535
1.293352484703064
1.3183531761169434
1.326575517654419
1.311432957649231
1.3015961647033691
1.2981758117675781
1.3279705047607422
1.3087642192840576
1.3583617210388184
1.3294814825057983
1.2739286422729492
1.335623860359192
1.372795581817627
1.3276952505111694
1.310279369354248
1.3678675889968872
1.3484327793121338
1.360490322113037
1.3139570951461792
1.3394474983215332
1.2983986139297485
1.2831499576568604
1.3437665700912476
1.332865595817566
1.3700416088104248
1.296135425567627
1.3183248043060303
1.3618673086166382
1.3346035480499268
1.3168938159942627
1.2919261455535889
1.358489990234375
1.3273476362228394
1.3291264772415161
1.323002576828003
1.3597162961959839
1.340640664100647
1.336439609527588
1.334133505821228
1.3165013790130615
1.340380072593689
1.3544281721115112
1.3078359365463257
1.3810298442840576
1.3481959104537964
1.3529103994369507
1.3232640027999878
1.3624241352081299
1.317448377609253
1.358345866203308
1.2855406999588013
1.3200280666351318
1.3333028554916382
1.2943787574768066
1.3166544437408447
1.3429023027420044
1.3134574890136719
1.3000963926315308
1.2940117120742798
1.34113347530365
1.3149442672729492
1.323552131652832
1.3365198373794556
1.3309425115585327
1.3127697706222534
1.301586389541626
1.3485584259033203
1.2988547086715698
1.3202078342437744
1.3511128425598145
1.3144367933273315
1.3070570230484009
1.300666332244873
1.3159326314926147
1.3267618417739868
1.2935805320739746
1.3093266487121582
1.35859215259552
1.337815523147583
1.3323577642440796
1.2905645370483398
1.3230901956558228
1.3230420351028442
1.27731454372406
1.2911850214004517
1.3154817819595337
1.300472617149353
1.3127999305725098
1.3679286241531372
1.3173518180847168
1.3063135147094727
1.328800082206726
1.2955989837646484
1.3336865901947021
1.2844794988632202
1.3417917490005493
1.2937829494476318
1.3294740915298462
1.310524821281433
1.328010082244873
1.3099817037582397
1.2869389057159424
1.342034101486206
1.3462036848068237
1.3384908437728882
1.3056780099868774
1.326001524925232
1.3261737823486328
1.3478953838348389
1.2730435132980347
1.32257878780365
1.299863576889038
1.3396127223968506
1.3751240968704224
1.3067498207092285
1.292574167251587
1.2840461730957031
1.3273969888687134
1.3338719606399536
1.286753535270691
1.3014895915985107
1.3131297826766968
1.2915772199630737
1.3283969163894653
1.2968671321868896
1.3304427862167358
1.3388774394989014
1.3114994764328003
1.2823299169540405
1.2810825109481812
1.3427798748016357
1.2885079383850098
1.3210467100143433
1.2831907272338867
1.3242994546890259
1.3280391693115234
1.3112642765045166
1.3036932945251465
1.3426060676574707
1.2876499891281128
1.3809932470321655
1.3274314403533936
1.2978612184524536
1.2788898944854736
1.31093168258667
1.3408327102661133
1.270780086517334
1.2986273765563965
1.3099355697631836
1.282584547996521
1.2668402194976807
1.3338388204574585
1.3278690576553345
1.301255226135254
1.2518751621246338
1.3079853057861328
1.3525220155715942
1.2989660501480103
1.317350149154663
1.3197691440582275
1.3323315382003784
1.3092880249023438
1.3776792287826538
1.3226423263549805
1.3180794715881348
1.289489984512329
1.310410737991333
1.3069303035736084
1.3013296127319336
1.3394443988800049
1.3236896991729736
1.2989592552185059
1.309999942779541
1.33211350440979
1.3175920248031616
1.2724775075912476
1.278867483139038
1.2945506572723389
1.3144136667251587
1.3255093097686768
1.328092336654663
1.3151578903198242
1.3133352994918823
1.3197920322418213
1.3337516784667969
1.3104764223098755
1.3430792093276978
1.311932921409607
1.2950037717819214
1.297899842262268
1.3011157512664795
1.3193029165267944
1.3652223348617554
1.3086479902267456
1.2846958637237549
1.3065882921218872
1.3297741413116455
1.3085129261016846
1.3314942121505737
1.331765055656433
1.291051983833313
1.319698452949524
1.282390832901001
1.2961292266845703
1.3289698362350464
1.2698472738265991
1.356880784034729
1.3067731857299805
1.3289579153060913
1.2799677848815918
1.3137768507003784
1.2988001108169556
1.3314374685287476
1.3132531642913818
1.2844042778015137
1.3160960674285889
1.3173161745071411
1.2803728580474854
1.2966969013214111
1.3406829833984375
1.3304471969604492
1.3527063131332397
1.3041350841522217
1.3268989324569702
1.3152047395706177
1.3115143775939941
1.3449475765228271
1.3249963521957397
1.3165849447250366
1.3295836448669434
1.3022388219833374
1.3053632974624634
1.2694324254989624
1.3128468990325928
1.3322014808654785
1.3347755670547485
1.2904784679412842
1.303812861442566
1.3108116388320923
1.2961807250976562
1.305135726928711
1.2963640689849854
1.2660192251205444
1.3048899173736572
1.3045666217803955
1.2572373151779175
1.2939343452453613
1.2640656232833862
1.2578089237213135
1.336549162864685
1.3171706199645996
1.3046386241912842
1.3127615451812744
1.3143203258514404
1.2826331853866577
1.3174163103103638
1.3133485317230225
1.3723710775375366
1.2917678356170654
1.2835010290145874
1.3210673332214355
1.2948969602584839
1.3099318742752075
1.3044202327728271
1.2741506099700928
1.3307355642318726
1.272914171218872
1.262691855430603
1.2994531393051147
1.3160849809646606
1.275091290473938
1.282261610031128
1.30076003074646
1.304630994796753
1.2973111867904663
1.3229100704193115
1.3115220069885254
1.2969862222671509
1.33408784866333
1.2952163219451904
1.3020261526107788
1.2771766185760498
1.3151159286499023
1.3217072486877441
1.3078757524490356
1.271419882774353
1.3012999296188354
1.3330656290054321
1.2675455808639526
1.3059736490249634
1.3169960975646973
1.2934916019439697
1.3288700580596924
1.304787278175354
1.290196180343628
1.2943273782730103
1.3202292919158936
1.3071826696395874
1.319228172302246
1.3016467094421387
1.2988961935043335
1.285643458366394
1.329863429069519
1.3112889528274536
1.3142377138137817
1.3174540996551514
1.3154399394989014
1.2934198379516602
1.3174769878387451
1.2861958742141724
1.3073410987854004
1.2925420999526978
1.2830913066864014
1.3051544427871704
1.3109757900238037
1.3149464130401611
1.3095343112945557
1.3093764781951904
1.3255486488342285
1.2734750509262085
1.3122695684432983
1.2814865112304688
1.3362679481506348
1.2897735834121704
1.3166296482086182
1.3276387453079224
1.2980732917785645
1.2894117832183838
1.2980364561080933
1.2815239429473877
1.275551199913025
1.3277769088745117
1.2934061288833618
1.3511322736740112
1.3479735851287842
1.3006328344345093
1.3188698291778564
1.3037775754928589
1.321223497390747
1.308612585067749
1.3214036226272583
1.3064242601394653
1.3085999488830566
1.308090090751648
1.3022576570510864
1.3112530708312988
1.311401605606079
1.3045158386230469
1.3099260330200195
1.297838568687439
1.3183118104934692
1.3103057146072388
1.3309810161590576
1.3105272054672241
1.271601915359497
1.3203024864196777
1.3197520971298218
1.2716325521469116
1.32993745803833
1.3234777450561523
1.3060709238052368
1.2956037521362305
1.3259601593017578
1.2966164350509644
1.3063839673995972
1.2675719261169434
1.2894178628921509
1.3184925317764282
1.2877625226974487
1.2880303859710693
1.2922512292861938
1.3191367387771606
1.3172378540039062
1.3208991289138794
1.317637324333191
1.2843101024627686
1.2928966283798218
1.2978825569152832
1.314379096031189
1.319746732711792
1.2812057733535767
1.3127549886703491
1.2967536449432373
1.3156063556671143
1.28122079372406
1.3092821836471558
1.2905536890029907
1.3184195756912231
1.3051667213439941
1.3225815296173096
1.3262957334518433
1.3409905433654785
1.307517409324646
1.2772775888442993
1.2774986028671265
1.2921375036239624
1.2662286758422852
1.2880730628967285
1.3115860223770142
1.3093183040618896
1.3295978307724
1.283281683921814
1.267419457435608
1.2845046520233154
1.3083930015563965
1.3127937316894531
1.2989702224731445
1.3255436420440674
1.2797071933746338
1.2765647172927856
1.3075549602508545
1.3045719861984253
1.2943817377090454
1.3380411863327026
1.3106653690338135
1.302801251411438
1.3090920448303223
1.2913216352462769
1.2689900398254395
1.289780855178833
1.299518346786499
1.3022109270095825
1.3125007152557373
1.2584238052368164
1.2997244596481323
1.286177635192871
1.296148419380188
1.2849006652832031
1.2671587467193604
1.2894186973571777
1.3068273067474365
1.3137619495391846
1.2964351177215576
